PeriphSignal 	 CentralSignal 	 PeriphPulse 	 CentralPulse 
1701.0	1494.0	81.0	82.56
1705.0	1492.0	82.36	83.26
1698.0	1490.0	84.65	84.46
1687.0	1488.0	87.91	86.17
1672.0	1486.0	92.03	88.33
1652.0	1483.0	96.65	90.76
1631.0	1479.0	101.33	93.23
1609.0	1475.0	105.64	95.51
1589.0	1471.0	109.26	97.41
1574.0	1467.0	112.02	98.86
1561.0	1463.0	113.85	99.84
1551.0	1459.0	114.79	100.41
1542.0	1455.0	114.92	100.67
1534.0	1450.0	114.33	100.7
1527.0	1446.0	113.16	100.59
1518.0	1442.0	111.55	100.42
1509.0	1439.0	109.67	100.22
1498.0	1436.0	107.65	100.06
1487.0	1434.0	105.61	99.96
1477.0	1431.0	103.67	99.94
1469.0	1428.0	101.88	99.97
1463.0	1424.0	100.28	100.05
1458.0	1419.0	98.88	100.11
1456.0	1413.0	97.7	100.13
1457.0	1408.0	96.68	100.07
1458.0	1402.0	95.79	99.91
1459.0	1398.0	94.95	99.65
1461.0	1393.0	94.1	99.28
1463.0	1390.0	93.19	98.8
1466.0	1386.0	92.21	98.22
1470.0	1382.0	91.19	97.56
1474.0	1378.0	90.2	96.84
1478.0	1374.0	89.32	96.12
1480.0	1371.0	88.65	95.45
1484.0	1367.0	88.22	94.87
1485.0	1364.0	88.05	94.41
1483.0	1361.0	88.14	94.06
1479.0	1360.0	88.45	93.81
1473.0	1363.0	88.95	93.64
1467.0	1370.0	89.58	93.52
1462.0	1385.0	90.29	93.44
1456.0	1406.0	91.0	93.36
1449.0	1432.0	91.66	93.26
1439.0	1460.0	92.2	93.12
1431.0	1486.0	92.59	92.93
1424.0	1508.0	92.81	92.69
1417.0	1524.0	92.87	92.4
1413.0	1535.0	92.76	92.08
1409.0	1541.0	92.5	91.74
1405.0	1543.0	92.12	91.41
1400.0	1543.0	91.64	91.08
1395.0	1542.0	91.08	90.75
1391.0	1539.0	90.46	90.44
1384.0	1537.0	89.78	90.11
1377.0	1535.0	89.08	89.79
1371.0	1534.0	88.36	89.45
1365.0	1534.0	87.65	89.11
1361.0	1535.0	86.96	88.77
1357.0	1537.0	86.33	88.44
1353.0	1539.0	85.77	88.14
1351.0	1540.0	85.26	87.84
1347.0	1540.0	84.81	87.56
1346.0	1538.0	84.41	87.28
1343.0	1535.0	84.05	87.0
1339.0	1531.0	83.7	86.7
1338.0	1526.0	83.38	86.39
1336.0	1521.0	83.05	86.07
1337.0	1514.0	82.72	85.72
1338.0	1507.0	82.4	85.36
1346.0	1499.0	82.09	84.99
1367.0	1492.0	81.79	84.61
1400.0	1485.0	81.51	84.25
1446.0	1480.0	81.25	83.89
1498.0	1475.0	81.01	83.54
1548.0	1472.0	80.77	83.21
1596.0	1470.0	80.56	82.91
1634.0	1469.0	80.4	82.66
1662.0	1470.0	80.36	82.48
1680.0	1472.0	80.45	82.36
1689.0	1474.0	80.54	82.31
1690.0	1475.0	80.81	82.29
1683.0	1474.0	80.88	82.25
1669.0	1471.0
1652.0	1467.0
1632.0	1462.0
1612.0	1456.0
1592.0	1451.0
1573.0	1446.0
1557.0	1443.0
1542.0	1440.0
1529.0	1438.0
1517.0	1435.0
1506.0	1432.0
1497.0	1428.0
1487.0	1425.0
1478.0	1420.0
1470.0	1417.0
1459.0	1413.0
1448.0	1409.0
1437.0	1406.0
1427.0	1402.0
1419.0	1398.0
1414.0	1395.0
1412.0	1391.0
1412.0	1387.0
1412.0	1383.0
1417.0	1378.0
1426.0	1374.0
1438.0	1369.0
1451.0	1364.0
1463.0	1359.0
1472.0	1354.0
1476.0	1349.0
1477.0	1345.0
1476.0	1341.0
1471.0	1338.0
1465.0	1336.0
1458.0	1337.0
1451.0	1343.0
1445.0	1356.0
1439.0	1377.0
1434.0	1403.0
1426.0	1431.0
1418.0	1459.0
1410.0	1482.0
1401.0	1500.0
1394.0	1512.0
1386.0	1519.0
1381.0	1521.0
1376.0	1520.0
1371.0	1518.0
1367.0	1515.0
1362.0	1511.0
1358.0	1509.0
1355.0	1507.0
1351.0	1507.0
1347.0	1509.0
1342.0	1510.0
1336.0	1512.0
1333.0	1513.0
1329.0	1512.0
1325.0	1510.0
1321.0	1507.0
1316.0	1503.0
1314.0	1498.0
1311.0	1492.0
1308.0	1486.0
1309.0	1479.0
1314.0	1472.0
1330.0	1465.0
1362.0	1460.0
1407.0	1456.0
1461.0	1454.0
1514.0	1453.0
1565.0	1452.0
1606.0	1452.0
1637.0	1452.0
1658.0	1452.0
1669.0	1451.0
1670.0	1450.0
1662.0	1448.0
1647.0	1446.0
1631.0	1443.0
1610.0	1440.0
1589.0	1438.0
1569.0	1436.0
1549.0	1435.0
1532.0	1434.0
1516.0	1432.0
1502.0	1430.0
1489.0	1426.0
1477.0	1421.0
1467.0	1416.0
1458.0	1410.0
1448.0	1406.0
1439.0	1402.0
1427.0	1400.0
1417.0	1398.0
1406.0	1397.0
1398.0	1396.0
1393.0	1394.0
1391.0	1391.0
1391.0	1388.0
1394.0	1383.0
1400.0	1379.0
1409.0	1374.0
1418.0	1369.0
1427.0	1364.0
1436.0	1360.0
1443.0	1355.0
1449.0	1352.0
1452.0	1348.0
1454.0	1346.0
1454.0	1344.0
1452.0	1343.0
1452.0	1347.0
1450.0	1355.0
1448.0	1371.0
1446.0	1392.0
1441.0	1418.0
1433.0	1444.0
1423.0	1469.0
1412.0	1489.0
1402.0	1503.0
1391.0	1513.0
1382.0	1519.0
1375.0	1521.0
1370.0	1521.0
1367.0	1519.0
1365.0	1516.0
1364.0	1514.0
1361.0	1511.0
1358.0	1509.0
1354.0	1508.0
1350.0	1508.0
1345.0	1509.0
1342.0	1509.0
1338.0	1510.0
1333.0	1510.0
1328.0	1508.0
1325.0	1505.0
1323.0	1501.0
1320.0	1495.0
1319.0	1488.0
1319.0	1480.0
1320.0	1471.0
1330.0	1463.0
1351.0	1456.0
1388.0	1451.0
1434.0	1448.0
1485.0	1446.0
1534.0	1445.0
1577.0	1444.0
1612.0	1443.0
1638.0	1443.0
1655.0	1442.0
1664.0	1441.0
1663.0	1439.0
1654.0	1436.0
1641.0	1432.0
1623.0	1428.0
1603.0	1424.0
1582.0	1420.0
1561.0	1416.0
1541.0	1412.0
1521.0	1408.0
1505.0	1405.0
1491.0	1401.0
1481.0	1397.0
1472.0	1393.0
1463.0	1389.0
1454.0	1386.0
1443.0	1384.0
1432.0	1383.0
1421.0	1383.0
1408.0	1383.0
1396.0	1383.0
1386.0	1382.0
1381.0	1381.0
1380.0	1378.0
1382.0	1373.0
1386.0	1368.0
1392.0	1362.0
1398.0	1357.0
1407.0	1353.0
1416.0	1349.0
1424.0	1346.0
1431.0	1344.0
1435.0	1341.0
1436.0	1338.0
1435.0	1336.0
1434.0	1335.0
1431.0	1337.0
1426.0	1344.0
1419.0	1358.0
1413.0	1379.0
1405.0	1406.0
1399.0	1435.0
1391.0	1462.0
1383.0	1486.0
1374.0	1504.0
1364.0	1517.0
1360.0	1525.0
1360.0	1530.0
1357.0	1531.0
1357.0	1531.0
1358.0	1529.0
1362.0	1526.0
1362.0	1524.0
1360.0	1522.0
1357.0	1521.0
1352.0	1522.0
1346.0	1524.0
1339.0	1526.0
1332.0	1529.0
1329.0	1531.0
1326.0	1532.0
1323.0	1532.0
1320.0	1530.0
1317.0	1527.0
1314.0	1522.0
1311.0	1515.0
1313.0	1507.0
1319.0	1498.0
1336.0	1489.0
1369.0	1482.0
1414.0	1475.0
1468.0	1471.0
1522.0	1468.0
1572.0	1467.0
1614.0	1466.0
1644.0	1466.0
1665.0	1466.0
1679.0	1465.0
1684.0	1464.0
1681.0	1462.0
1669.0	1459.0
1652.0	1455.0
1633.0	1451.0
1611.0	1447.0
1590.0	1444.0
1569.0	1440.0
1549.0	1438.0
1533.0	1435.0
1521.0	1432.0
1511.0	1428.0
1504.0	1424.0
1497.0	1421.0
1492.0	1417.0
1485.0	1414.0
1478.0	1412.0
1469.0	1409.0
1455.0	1407.0
1443.0	1404.0
1431.0	1401.0
1420.0	1398.0
1412.0	1394.0
1408.0	1390.0
1407.0	1386.0
1409.0	1382.0
1413.0	1377.0
1421.0	1373.0
1428.0	1369.0
1437.0	1366.0
1444.0	1364.0
1450.0	1362.0
1455.0	1361.0
1455.0	1359.0
1455.0	1357.0
1454.0	1354.0
1452.0	1353.0
1448.0	1352.0
1443.0	1357.0
1439.0	1367.0
1434.0	1386.0
1427.0	1411.0
1420.0	1441.0
1412.0	1471.0
1404.0	1499.0
1398.0	1521.0
1393.0	1536.0
1389.0	1545.0
1385.0	1549.0
1381.0	1549.0
1376.0	1547.0
1372.0	1544.0
1369.0	1541.0
1365.0	1539.0
1360.0	1538.0
1355.0	1539.0
1349.0	1541.0
1343.0	1543.0
1340.0	1546.0
1338.0	1548.0
1337.0	1548.0
1337.0	1547.0
1337.0	1545.0
1338.0	1542.0
1337.0	1539.0
1338.0	1535.0
1337.0	1530.0
1336.0	1524.0
1340.0	1516.0
1350.0	1508.0
1377.0	1500.0
1417.0	1492.0
1469.0	1487.0
1526.0	1482.0
1581.0	1480.0
1628.0	1478.0
1664.0	1476.0
1688.0	1475.0
1703.0	1474.0
1706.0	1473.0
1699.0	1472.0
1687.0	1469.0
1670.0	1466.0
1650.0	1462.0
1629.0	1458.0
1610.0	1455.0
1592.0	1452.0
1574.0	1448.0
1558.0	1445.0
1544.0	1441.0
1530.0	1437.0
1519.0	1434.0
1509.0	1430.0
1501.0	1427.0
1493.0	1425.0
1487.0	1422.0
1480.0	1420.0
1470.0	1417.0
1460.0	1413.0
1448.0	1409.0
1437.0	1405.0
1429.0	1400.0
1422.0	1396.0
1420.0	1392.0
1421.0	1389.0
1423.0	1386.0
1429.0	1383.0
1434.0	1380.0
1441.0	1377.0
1449.0	1373.0
1455.0	1368.0
1460.0	1362.0
1462.0	1356.0
1462.0	1350.0
1462.0	1345.0
1459.0	1342.0
1458.0	1340.0
1455.0	1340.0
1450.0	1341.0
1444.0	1343.0
1436.0	1347.0
1428.0	1356.0
1422.0	1371.0
1415.0	1391.0
1410.0	1417.0
1405.0	1444.0
1401.0	1470.0
1397.0	1493.0
1392.0	1510.0
1386.0	1522.0
1380.0	1530.0
1374.0	1534.0
1368.0	1535.0
1362.0	1534.0
1359.0	1532.0
1356.0	1528.0
1354.0	1524.0
1353.0	1520.0
1350.0	1518.0
1348.0	1518.0
1344.0	1519.0
1338.0	1520.0
1332.0	1521.0
1324.0	1522.0
1317.0	1523.0
1313.0	1522.0
1313.0	1520.0
1315.0	1516.0
1317.0	1510.0
1322.0	1502.0
1327.0	1492.0
1337.0	1482.0
1358.0	1472.0
1391.0	1465.0
1436.0	1459.0
1488.0	1455.0
1539.0	1453.0
1587.0	1452.0
1625.0	1450.0
1654.0	1449.0
1674.0	1448.0
1685.0	1446.0
1689.0	1445.0
1682.0	1443.0
1668.0	1441.0
1648.0	1438.0
1625.0	1435.0
1601.0	1432.0
1578.0	1429.0
1555.0	1425.0
1535.0	1422.0
1517.0	1419.0
1501.0	1415.0
1490.0	1412.0
1482.0	1408.0
1477.0	1403.0
1472.0	1398.0
1466.0	1393.0
1457.0	1389.0
1446.0	1386.0
1434.0	1382.0
1420.0	1379.0
1406.0	1376.0
1397.0	1373.0
1390.0	1369.0
1389.0	1365.0
1390.0	1362.0
1393.0	1357.0
1399.0	1353.0
1405.0	1348.0
1412.0	1344.0
1419.0	1340.0
1424.0	1337.0
1430.0	1334.0
1436.0	1331.0
1440.0	1328.0
1442.0	1324.0
1441.0	1320.0
1440.0	1315.0
1436.0	1310.0
1431.0	1305.0
1426.0	1302.0
1419.0	1300.0
1413.0	1300.0
1405.0	1301.0
1396.0	1305.0
1387.0	1314.0
1376.0	1329.0
1368.0	1349.0
1361.0	1376.0
1355.0	1405.0
1349.0	1433.0
1344.0	1457.0
1340.0	1477.0
1335.0	1491.0
1331.0	1501.0
1328.0	1506.0
1325.0	1508.0
1321.0	1508.0
1316.0	1506.0
1311.0	1503.0
1309.0	1499.0
1307.0	1496.0
1307.0	1495.0
1307.0	1494.0
1305.0	1494.0
1304.0	1495.0
1301.0	1496.0
1296.0	1496.0
1291.0	1495.0
1285.0	1494.0
1282.0	1492.0
1280.0	1489.0
1280.0	1485.0
1282.0	1478.0
1286.0	1470.0
1297.0	1460.0
1316.0	1450.0
1347.0	1441.0
1391.0	1433.0
1443.0	1428.0
1498.0	1425.0
1549.0	1423.0
1590.0	1421.0
1625.0	1420.0
1648.0	1419.0
1663.0	1417.0
1668.0	1416.0
1663.0	1414.0
1652.0	1413.0
1634.0	1411.0
1612.0	1409.0
1588.0	1407.0
1563.0	1403.0
1541.0	1400.0
1519.0	1396.0
1500.0	1392.0
1483.0	1388.0
1467.0	1384.0
1456.0	1381.0
1447.0	1377.0
1440.0	1374.0
1435.0	1371.0
1429.0	1368.0
1421.0	1364.0
1409.0	1361.0
1396.0	1358.0
1383.0	1354.0
1371.0	1351.0
1363.0	1348.0
1359.0	1344.0
1358.0	1341.0
1361.0	1337.0
1365.0	1333.0
1371.0	1329.0
1378.0	1325.0
1385.0	1321.0
1393.0	1318.0
1398.0	1316.0
1404.0	1313.0
1410.0	1310.0
1413.0	1307.0
1416.0	1302.0
1417.0	1297.0
1414.0	1292.0
1409.0	1287.0
1402.0	1283.0
1394.0	1280.0
1388.0	1279.0
1379.0	1279.0
1372.0	1283.0
1365.0	1292.0
1357.0	1307.0
1351.0	1328.0
1345.0	1355.0
1339.0	1384.0
1332.0	1412.0
1326.0	1437.0
1321.0	1456.0
1317.0	1468.0
1314.0	1475.0
1310.0	1479.0
1306.0	1481.0
1303.0	1480.0
1298.0	1479.0
1295.0	1478.0
1292.0	1475.0
1289.0	1472.0
1289.0	1470.0
1288.0	1468.0
1289.0	1468.0
1287.0	1467.0
1283.0	1467.0
1280.0	1466.0
1274.0	1464.0
1268.0	1462.0
1263.0	1459.0
1258.0	1454.0
1257.0	1449.0
1258.0	1443.0
1262.0	1436.0
1271.0	1428.0
1290.0	1420.0
1323.0	1412.0
1367.0	1406.0
1420.0	1402.0
1476.0	1399.0
1527.0	1398.0
1570.0	1398.0
1601.0	1399.0
1621.0	1399.0
1633.0	1400.0
1635.0	1401.0
1632.0	1401.0
1622.0	1400.0
1605.0	1398.0
1585.0	1396.0
1562.0	1393.0
1538.0	1390.0
1514.0	1387.0
1491.0	1385.0
1472.0	1384.0
1453.0	1382.0
1437.0	1379.0
1423.0	1376.0
1412.0	1373.0
1404.0	1369.0
1396.0	1365.0
1387.0	1362.0
1378.0	1359.0
1367.0	1357.0
1358.0	1355.0
1348.0	1353.0
1340.0	1351.0
1336.0	1350.0
1334.0	1348.0
1336.0	1346.0
1341.0	1343.0
1347.0	1339.0
1358.0	1336.0
1368.0	1332.0
1379.0	1329.0
1390.0	1326.0
1399.0	1323.0
1407.0	1321.0
1412.0	1319.0
1416.0	1318.0
1415.0	1316.0
1412.0	1314.0
1410.0	1313.0
1406.0	1313.0
1402.0	1317.0
1397.0	1324.0
1390.0	1339.0
1383.0	1360.0
1374.0	1388.0
1365.0	1418.0
1357.0	1449.0
1347.0	1475.0
1339.0	1495.0
1333.0	1508.0
1329.0	1514.0
1325.0	1515.0
1322.0	1513.0
1320.0	1510.0
1320.0	1506.0
1318.0	1502.0
1317.0	1499.0
1313.0	1497.0
1311.0	1495.0
1308.0	1494.0
1305.0	1494.0
1304.0	1494.0
1303.0	1493.0
1303.0	1492.0
1303.0	1489.0
1302.0	1485.0
1302.0	1481.0
1302.0	1475.0
1302.0	1467.0
1303.0	1459.0
1305.0	1451.0
1313.0	1443.0
1331.0	1436.0
1362.0	1431.0
1407.0	1427.0
1461.0	1425.0
1519.0	1423.0
1571.0	1422.0
1615.0	1420.0
1647.0	1419.0
1666.0	1417.0
1674.0	1416.0
1671.0	1415.0
1659.0	1414.0
1643.0	1413.0
1622.0	1411.0
1599.0	1409.0
1576.0	1406.0
1551.0	1402.0
1529.0	1398.0
1506.0	1394.0
1485.0	1391.0
1468.0	1388.0
1453.0	1387.0
1441.0	1385.0
1430.0	1383.0
1419.0	1381.0
1411.0	1378.0
1401.0	1374.0
1389.0	1371.0
1377.0	1367.0
1366.0	1364.0
1358.0	1361.0
1354.0	1358.0
1353.0	1355.0
1357.0	1352.0
1362.0	1350.0
1370.0	1347.0
1376.0	1344.0
1384.0	1340.0
1392.0	1337.0
1398.0	1334.0
1406.0	1330.0
1413.0	1327.0
1418.0	1324.0
1423.0	1321.0
1425.0	1319.0
1426.0	1320.0
1423.0	1325.0
1415.0	1336.0
1408.0	1353.0
1400.0	1378.0
1393.0	1406.0
1388.0	1436.0
1383.0	1462.0
1379.0	1482.0
1373.0	1496.0
1365.0	1505.0
1359.0	1511.0
1351.0	1514.0
1345.0	1517.0
1338.0	1520.0
1332.0	1521.0
1329.0	1522.0
1325.0	1522.0
1323.0	1521.0
1320.0	1519.0
1318.0	1517.0
1317.0	1515.0
1313.0	1514.0
1311.0	1513.0
1309.0	1512.0
1306.0	1510.0
1304.0	1508.0
1303.0	1505.0
1302.0	1501.0
1300.0	1496.0
1301.0	1489.0
1305.0	1482.0
1317.0	1473.0
1342.0	1465.0
1381.0	1457.0
1430.0	1449.0
1487.0	1443.0
1541.0	1438.0
1586.0	1435.0
1620.0	1432.0
1642.0	1431.0
1656.0	1430.0
1664.0	1430.0
1667.0	1429.0
1665.0	1426.0
1656.0	1423.0
1643.0	1419.0
1628.0	1414.0
1609.0	1408.0
1587.0	1403.0
1563.0	1398.0
1538.0	1393.0
1517.0	1389.0
1500.0	1385.0
1486.0	1382.0
1473.0	1379.0
1462.0	1376.0
1454.0	1372.0
1445.0	1369.0
1437.0	1365.0
1425.0	1361.0
1413.0	1356.0
1403.0	1352.0
1393.0	1348.0
1385.0	1345.0
1379.0	1341.0
1375.0	1338.0
1373.0	1335.0
1373.0	1331.0
1377.0	1327.0
1381.0	1322.0
1388.0	1317.0
1397.0	1312.0
1406.0	1308.0
1412.0	1304.0
1416.0	1300.0
1417.0	1296.0
1417.0	1295.0
1414.0	1296.0
1409.0	1301.0
1402.0	1314.0
1395.0	1333.0
1388.0	1359.0
1381.0	1389.0
1374.0	1419.0
1368.0	1446.0
1361.0	1467.0
1356.0	1482.0
1349.0	1492.0
1342.0	1496.0
1336.0	1497.0
1329.0	1495.0
1323.0	1491.0
1317.0	1486.0
1313.0	1483.0
1310.0	1481.0
1307.0	1483.0
1304.0	1487.0
1301.0	1493.0
1296.0	1498.0
1294.0	1503.0
1289.0	1505.0
1284.0	1503.0
1280.0	1500.0
1276.0	1495.0
1274.0	1489.0
1270.0	1483.0
1268.0	1477.0
1269.0	1470.0
1274.0	1462.0
1289.0	1455.0
1318.0	1448.0
1360.0	1441.0
1414.0	1436.0
1472.0	1432.0
1528.0	1429.0
1575.0	1428.0
1611.0	1426.0
1638.0	1425.0
1654.0	1424.0
1659.0	1422.0
1653.0	1419.0
1640.0	1417.0
1620.0	1414.0
1595.0	1411.0
1572.0	1409.0
1553.0	1406.0
1535.0	1403.0
1523.0	1399.0
1513.0	1394.0
1503.0	1389.0
1494.0	1384.0
1483.0	1380.0
1473.0	1376.0
1461.0	1373.0
1450.0	1370.0
1438.0	1367.0
1426.0	1364.0
1415.0	1361.0
1403.0	1358.0
1392.0	1355.0
1382.0	1352.0
1374.0	1348.0
1369.0	1345.0
1365.0	1342.0
1365.0	1339.0
1370.0	1336.0
1375.0	1332.0
1383.0	1329.0
1390.0	1325.0
1397.0	1321.0
1402.0	1317.0
1405.0	1312.0
1408.0	1308.0
1411.0	1305.0
1412.0	1303.0
1412.0	1302.0
1411.0	1303.0
1407.0	1309.0
1401.0	1321.0
1393.0	1340.0
1384.0	1366.0
1375.0	1395.0
1367.0	1425.0
1361.0	1451.0
1354.0	1471.0
1348.0	1485.0
1342.0	1494.0
1337.0	1499.0
1334.0	1501.0
1329.0	1501.0
1323.0	1500.0
1319.0	1498.0
1315.0	1496.0
1313.0	1493.0
1311.0	1491.0
1309.0	1490.0
1306.0	1490.0
1303.0	1492.0
1302.0	1494.0
1299.0	1495.0
1294.0	1497.0
1290.0	1498.0
1284.0	1497.0
1282.0	1495.0
1281.0	1492.0
1281.0	1487.0
1282.0	1479.0
1286.0	1469.0
1300.0	1459.0
1327.0	1450.0
1369.0	1442.0
1423.0	1437.0
1480.0	1433.0
1533.0	1431.0
1577.0	1429.0
1612.0	1429.0
1637.0	1428.0
1651.0	1427.0
1656.0	1425.0
1655.0	1423.0
1646.0	1421.0
1632.0	1418.0
1613.0	1415.0
1589.0	1412.0
1567.0	1408.0
1544.0	1405.0
1522.0	1400.0
1502.0	1396.0
1485.0	1392.0
1473.0	1388.0
1464.0	1384.0
1458.0	1380.0
1454.0	1375.0
1450.0	1371.0
1445.0	1367.0
1438.0	1363.0
1429.0	1359.0
1416.0	1356.0
1401.0	1353.0
1388.0	1350.0
1378.0	1347.0
1374.0	1344.0
1371.0	1340.0
1371.0	1337.0
1374.0	1333.0
1380.0	1331.0
1386.0	1328.0
1394.0	1326.0
1399.0	1323.0
1405.0	1320.0
1409.0	1316.0
1412.0	1312.0
1416.0	1308.0
1416.0	1303.0
1416.0	1299.0
1413.0	1295.0
1408.0	1293.0
1402.0	1292.0
1394.0	1294.0
1387.0	1301.0
1380.0	1315.0
1371.0	1337.0
1362.0	1364.0
1353.0	1395.0
1346.0	1426.0
1339.0	1453.0
1331.0	1474.0
1326.0	1489.0
1322.0	1499.0
1318.0	1503.0
1315.0	1505.0
1311.0	1503.0
1309.0	1501.0
1306.0	1497.0
1302.0	1494.0
1301.0	1491.0
1301.0	1490.0
1301.0	1490.0
1301.0	1492.0
1299.0	1494.0
1298.0	1496.0
1295.0	1498.0
1292.0	1498.0
1288.0	1496.0
1283.0	1493.0
1279.0	1489.0
1275.0	1483.0
1273.0	1477.0
1274.0	1470.0
1280.0	1464.0
1297.0	1458.0
1327.0	1454.0
1372.0	1450.0
1427.0	1447.0
1486.0	1444.0
1541.0	1442.0
1588.0	1440.0
1623.0	1438.0
1649.0	1437.0
1664.0	1437.0
1669.0	1437.0
1665.0	1436.0
1651.0	1435.0
1633.0	1432.0
1611.0	1429.0
1586.0	1425.0
1562.0	1421.0
1539.0	1418.0
1519.0	1415.0
1502.0	1413.0
1487.0	1411.0
1473.0	1408.0
1463.0	1405.0
1456.0	1402.0
1448.0	1399.0
1439.0	1395.0
1429.0	1391.0
1418.0	1388.0
1408.0	1385.0
1399.0	1382.0
1393.0	1379.0
1389.0	1376.0
1387.0	1374.0
1387.0	1371.0
1390.0	1368.0
1392.0	1365.0
1396.0	1362.0
1402.0	1358.0
1409.0	1355.0
1416.0	1351.0
1424.0	1348.0
1432.0	1344.0
1437.0	1340.0
1440.0	1337.0
1441.0	1334.0
1437.0	1331.0
1434.0	1329.0
1429.0	1327.0
1425.0	1325.0
1420.0	1323.0
1414.0	1323.0
1410.0	1324.0
1403.0	1329.0
1397.0	1341.0
1390.0	1359.0
1381.0	1383.0
1374.0	1412.0
1367.0	1442.0
1361.0	1469.0
1356.0	1492.0
1351.0	1509.0
1347.0	1520.0
1345.0	1525.0
1342.0	1527.0
1340.0	1526.0
1336.0	1522.0
1333.0	1518.0
1332.0	1515.0
1330.0	1511.0
1328.0	1509.0
1325.0	1509.0
1322.0	1510.0
1319.0	1511.0
1317.0	1513.0
1315.0	1514.0
1313.0	1514.0
1310.0	1512.0
1310.0	1509.0
1309.0	1505.0
1308.0	1500.0
1308.0	1494.0
1309.0	1488.0
1315.0	1481.0
1327.0	1473.0
1352.0	1465.0
1390.0	1458.0
1440.0
1496.0
1550.0
1597.0
1635.0
1662.0
1680.0
1686.0
1682.0
1671.0
1652.0
1630.0
1606.0
1582.0
1559.0
1537.0
1518.0
1503.0
1490.0
1480.0
1469.0
1460.0
1451.0
1443.0
1435.0
1426.0
1418.0
1410.0
1401.0
1393.0
1387.0
1384.0
1383.0
