PeriphSignal 	 CentralSignal 	 PeriphPulse 	 CentralPulse 
1449.0	1609.0	76.0	77.5
1447.0	1607.0	77.67	78.42
1445.0	1604.0	80.61	79.97
1444.0	1600.0	84.72	82.13
1444.0	1599.0	89.64	84.78
1445.0	1600.0	94.96	87.7
1445.0	1605.0	100.28	90.65
1443.0	1611.0	105.28	93.42
1439.0	1618.0	109.88	95.92
1438.0	1625.0	113.96	98.07
1436.0	1631.0	117.32	99.83
1434.0	1636.0	119.69	101.16
1432.0	1640.0	120.87	102.05
1430.0	1644.0	120.87	102.5
1429.0	1648.0	119.86	102.59
1429.0	1652.0	118.12	102.44
1430.0	1654.0	115.9	102.2
1432.0	1655.0	113.49	102.01
1438.0	1653.0	111.11	101.98
1454.0	1649.0	108.96	102.18
1487.0	1643.0	107.16	102.58
1532.0	1635.0	105.77	103.15
1575.0	1625.0	104.83	103.81
1613.0	1613.0	104.34	104.53
1642.0	1601.0	104.25	105.27
1669.0	1591.0	104.48	106.02
1694.0	1583.0	104.95	106.75
1715.0	1578.0	105.57	107.42
1729.0	1575.0	106.21	107.97
1735.0	1573.0	106.77	108.35
1732.0	1572.0	107.13	108.5
1721.0	1571.0	107.19	108.39
1706.0	1569.0	106.82	107.99
1687.0	1567.0	105.95	107.3
1668.0	1564.0	104.56	106.35
1651.0	1562.0	102.72	105.17
1639.0	1560.0	100.59	103.85
1631.0	1558.0	98.36	102.5
1626.0	1556.0	96.27	101.23
1623.0	1554.0	94.48	100.15
1624.0	1552.0	93.1	99.3
1627.0	1548.0	92.14	98.67
1631.0	1544.0	91.58	98.24
1635.0	1538.0	91.34	97.94
1638.0	1532.0	91.35	97.72
1643.0	1526.0	91.55	97.53
1647.0	1521.0	91.87	97.35
1651.0	1517.0	92.27	97.17
1654.0	1514.0	92.71	96.97
1653.0	1512.0	93.14	96.74
1646.0	1510.0	93.51	96.47
1635.0	1507.0	93.78	96.15
1620.0	1504.0	93.91	95.78
1601.0	1501.0	93.88	95.35
1579.0	1498.0	93.68	94.88
1558.0	1495.0	93.34	94.39
1542.0	1491.0	92.86	93.87
1530.0	1488.0	92.24	93.33
1524.0	1485.0	91.52	92.77
1521.0	1483.0	90.73	92.2
1520.0	1480.0	89.87	91.61
1519.0	1477.0	88.98	91.02
1520.0	1474.0	88.1	90.44
1522.0	1470.0	87.24	89.87
1523.0	1467.0	86.42	89.33
1525.0	1463.0	85.64	88.81
1527.0	1460.0	84.91	88.32
1531.0	1458.0	84.22	87.84
1535.0	1455.0	83.58	87.37
1540.0	1454.0	82.99	86.91
1542.0	1456.0	82.47	86.47
1544.0	1461.0	82.0	86.03
1541.0	1473.0	81.6	85.61
1534.0	1489.0	81.24	85.2
1526.0	1508.0	80.92	84.79
1518.0	1529.0	80.62	84.38
1511.0	1551.0	80.33	83.95
1505.0	1572.0	80.06	83.52
1500.0	1590.0	79.79	83.08
1496.0	1605.0	79.52	82.64
1493.0	1615.0	79.24	82.21
1491.0	1621.0	78.98	81.79
1487.0	1622.0	78.73	81.39
1482.0	1621.0	78.48	81.0
1477.0	1618.0	78.22	80.63
1473.0	1615.0	77.96	80.26
1469.0	1613.0	77.67	79.9
1466.0	1614.0	77.38	79.53
1463.0	1617.0	77.07	79.16
1460.0	1622.0	76.76	78.8
1458.0	1628.0	76.46	78.45
1457.0	1634.0	76.19	78.12
1455.0	1641.0	75.93	77.82
1450.0	1649.0	75.69	77.54
1445.0	1656.0	75.52	77.31
1441.0	1664.0	75.32	77.08
1439.0	1670.0	75.12	76.82
1437.0	1676.0	75.02	76.58
1436.0	1680.0	74.95	76.41
1434.0	1683.0	74.86	76.26
1434.0	1683.0	74.87	76.15
1439.0	1680.0	74.98	76.16
1455.0	1675.0	75.02	76.17
1482.0	1668.0
1517.0	1657.0
1554.0	1646.0
1593.0	1634.0
1631.0	1622.0
1672.0	1612.0
1707.0	1605.0
1734.0	1600.0
1750.0	1597.0
1754.0	1596.0
1750.0	1596.0
1739.0	1596.0
1725.0	1596.0
1708.0	1594.0
1693.0	1592.0
1679.0	1589.0
1669.0	1586.0
1659.0	1583.0
1653.0	1579.0
1649.0	1575.0
1649.0	1571.0
1653.0	1566.0
1659.0	1561.0
1667.0	1555.0
1674.0	1550.0
1680.0	1544.0
1687.0	1539.0
1690.0	1534.0
1691.0	1530.0
1686.0	1526.0
1675.0	1522.0
1659.0	1518.0
1638.0	1514.0
1617.0	1510.0
1596.0	1507.0
1576.0	1503.0
1559.0	1498.0
1546.0	1494.0
1539.0	1489.0
1536.0	1485.0
1536.0	1481.0
1538.0	1478.0
1543.0	1475.0
1549.0	1473.0
1552.0	1470.0
1554.0	1466.0
1557.0	1463.0
1559.0	1459.0
1563.0	1454.0
1564.0	1450.0
1562.0	1447.0
1559.0	1444.0
1554.0	1441.0
1547.0	1438.0
1541.0	1435.0
1533.0	1432.0
1525.0	1429.0
1517.0	1425.0
1511.0	1422.0
1505.0	1419.0
1499.0	1417.0
1494.0	1414.0
1489.0	1413.0
1484.0	1412.0
1479.0	1413.0
1474.0	1417.0
1470.0	1428.0
1464.0	1444.0
1458.0	1464.0
1454.0	1487.0
1451.0	1511.0
1447.0	1534.0
1446.0	1557.0
1445.0	1576.0
1444.0	1591.0
1442.0	1601.0
1439.0	1606.0
1437.0	1606.0
1434.0	1602.0
1430.0	1597.0
1427.0	1593.0
1425.0	1592.0
1423.0	1593.0
1421.0	1598.0
1419.0	1605.0
1417.0	1613.0
1413.0	1621.0
1410.0	1629.0
1406.0	1636.0
1403.0	1641.0
1400.0	1646.0
1397.0	1649.0
1397.0	1653.0
1395.0	1655.0
1395.0	1656.0
1398.0	1656.0
1410.0	1655.0
1434.0	1651.0
1471.0	1645.0
1510.0	1636.0
1551.0	1624.0
1593.0	1610.0
1637.0	1597.0
1680.0	1585.0
1716.0	1576.0
1741.0	1570.0
1754.0	1568.0
1755.0	1567.0
1745.0	1567.0
1728.0	1567.0
1708.0	1567.0
1688.0	1566.0
1670.0	1563.0
1655.0	1560.0
1644.0	1556.0
1637.0	1552.0
1635.0	1548.0
1634.0	1544.0
1634.0	1541.0
1636.0	1537.0
1637.0	1533.0
1640.0	1529.0
1644.0	1525.0
1647.0	1520.0
1651.0	1515.0
1653.0	1511.0
1654.0	1506.0
1652.0	1503.0
1645.0	1499.0
1632.0	1496.0
1614.0	1492.0
1591.0	1488.0
1567.0	1484.0
1544.0	1480.0
1527.0	1475.0
1515.0	1471.0
1507.0	1466.0
1505.0	1462.0
1506.0	1458.0
1510.0	1455.0
1515.0	1453.0
1519.0	1450.0
1522.0	1448.0
1525.0	1445.0
1527.0	1442.0
1530.0	1438.0
1530.0	1434.0
1531.0	1430.0
1531.0	1427.0
1529.0	1424.0
1527.0	1422.0
1524.0	1420.0
1519.0	1418.0
1513.0	1415.0
1505.0	1413.0
1498.0	1410.0
1492.0	1407.0
1487.0	1404.0
1483.0	1401.0
1477.0	1399.0
1472.0	1397.0
1467.0	1395.0
1461.0	1394.0
1455.0	1394.0
1450.0	1394.0
1442.0	1393.0
1436.0	1391.0
1431.0	1392.0
1427.0	1396.0
1424.0	1406.0
1422.0	1423.0
1421.0	1445.0
1420.0	1468.0
1419.0	1492.0
1418.0	1514.0
1415.0	1535.0
1412.0	1554.0
1409.0	1569.0
1407.0	1580.0
1406.0	1586.0
1405.0	1588.0
1404.0	1587.0
1403.0	1585.0
1403.0	1582.0
1401.0	1580.0
1398.0	1579.0
1395.0	1581.0
1392.0	1585.0
1390.0	1590.0
1387.0	1595.0
1384.0	1602.0
1382.0	1609.0
1381.0	1616.0
1383.0	1624.0
1384.0	1630.0
1385.0	1636.0
1383.0	1639.0
1381.0	1640.0
1381.0	1638.0
1391.0	1634.0
1417.0	1628.0
1455.0	1620.0
1498.0	1610.0
1539.0	1599.0
1577.0	1588.0
1616.0	1578.0
1657.0	1570.0
1693.0	1564.0
1718.0	1560.0
1732.0	1558.0
1734.0	1556.0
1727.0	1555.0
1715.0	1554.0
1700.0	1553.0
1683.0	1552.0
1663.0	1550.0
1643.0	1548.0
1626.0	1545.0
1614.0	1543.0
1606.0	1539.0
1601.0	1536.0
1598.0	1532.0
1601.0	1528.0
1608.0	1524.0
1616.0	1520.0
1623.0	1516.0
1630.0	1511.0
1635.0	1507.0
1637.0	1502.0
1635.0	1497.0
1629.0	1492.0
1619.0	1487.0
1604.0	1482.0
1587.0	1479.0
1567.0	1476.0
1549.0	1473.0
1532.0	1471.0
1519.0	1469.0
1511.0	1466.0
1506.0	1463.0
1503.0	1460.0
1502.0	1456.0
1503.0	1452.0
1508.0	1449.0
1513.0	1446.0
1516.0	1442.0
1519.0	1439.0
1522.0	1435.0
1525.0	1432.0
1526.0	1428.0
1526.0	1425.0
1525.0	1423.0
1522.0	1421.0
1519.0	1419.0
1515.0	1416.0
1510.0	1413.0
1503.0	1409.0
1497.0	1405.0
1490.0	1402.0
1483.0	1399.0
1476.0	1396.0
1468.0	1393.0
1459.0	1391.0
1452.0	1389.0
1447.0	1390.0
1445.0	1395.0
1442.0	1406.0
1439.0	1423.0
1437.0	1445.0
1436.0	1468.0
1433.0	1491.0
1430.0	1512.0
1427.0	1530.0
1425.0	1545.0
1423.0	1558.0
1421.0	1568.0
1419.0	1576.0
1416.0	1580.0
1413.0	1581.0
1410.0	1579.0
1407.0	1576.0
1405.0	1572.0
1403.0	1570.0
1403.0	1570.0
1402.0	1572.0
1399.0	1576.0
1395.0	1583.0
1391.0	1590.0
1387.0	1597.0
1384.0	1605.0
1380.0	1611.0
1377.0	1616.0
1374.0	1620.0
1371.0	1621.0
1369.0	1620.0
1371.0	1617.0
1385.0	1613.0
1410.0	1607.0
1448.0	1600.0
1491.0	1593.0
1534.0	1584.0
1574.0	1577.0
1611.0	1570.0
1644.0	1565.0
1674.0	1561.0
1698.0	1558.0
1713.0	1556.0
1720.0	1554.0
1719.0	1553.0
1709.0	1552.0
1694.0	1552.0
1674.0	1552.0
1652.0	1552.0
1631.0	1552.0
1612.0	1549.0
1599.0	1546.0
1589.0	1541.0
1586.0	1537.0
1587.0	1532.0
1591.0	1529.0
1596.0	1526.0
1601.0	1523.0
1606.0	1520.0
1609.0	1516.0
1610.0	1511.0
1609.0	1506.0
1606.0	1501.0
1599.0	1496.0
1591.0	1492.0
1580.0	1488.0
1567.0	1485.0
1553.0	1481.0
1540.0	1478.0
1531.0	1474.0
1524.0	1470.0
1519.0	1467.0
1516.0	1464.0
1514.0	1461.0
1514.0	1458.0
1517.0	1454.0
1520.0	1450.0
1525.0	1447.0
1532.0	1443.0
1537.0	1440.0
1540.0	1438.0
1540.0	1437.0
1537.0	1435.0
1533.0	1432.0
1528.0	1430.0
1524.0	1427.0
1520.0	1423.0
1518.0	1419.0
1513.0	1416.0
1506.0	1412.0
1500.0	1410.0
1493.0	1408.0
1485.0	1406.0
1475.0	1405.0
1468.0	1405.0
1462.0	1407.0
1458.0	1413.0
1453.0	1427.0
1449.0	1446.0
1443.0	1471.0
1439.0	1495.0
1437.0	1518.0
1434.0	1538.0
1432.0	1555.0
1429.0	1568.0
1427.0	1580.0
1425.0	1590.0
1422.0	1597.0
1419.0	1601.0
1418.0	1602.0
1417.0	1599.0
1418.0	1596.0
1418.0	1592.0
1418.0	1591.0
1416.0	1591.0
1414.0	1594.0
1413.0	1599.0
1409.0	1605.0
1405.0	1611.0
1400.0	1617.0
1396.0	1623.0
1394.0	1629.0
1393.0	1634.0
1392.0	1638.0
1391.0	1640.0
1391.0	1640.0
1395.0	1638.0
1410.0	1633.0
1438.0	1627.0
1482.0	1618.0
1531.0	1608.0
1576.0	1597.0
1612.0	1586.0
1645.0	1576.0
1676.0	1567.0
1703.0	1561.0
1725.0	1556.0
1739.0	1554.0
1743.0	1553.0
1739.0	1552.0
1726.0	1552.0
1709.0	1551.0
1688.0	1551.0
1667.0	1550.0
1646.0	1548.0
1629.0	1545.0
1616.0	1542.0
1608.0	1538.0
1603.0	1534.0
1603.0	1529.0
1605.0	1525.0
1610.0	1522.0
1615.0	1519.0
1620.0	1516.0
1624.0	1513.0
1627.0	1509.0
1627.0	1504.0
1626.0	1498.0
1621.0	1492.0
1611.0	1487.0
1597.0	1483.0
1579.0	1480.0
1560.0	1477.0
1543.0	1475.0
1526.0	1472.0
1514.0	1468.0
1504.0	1465.0
1499.0	1462.0
1499.0	1459.0
1501.0	1456.0
1504.0	1453.0
1508.0	1449.0
1513.0	1445.0
1518.0	1442.0
1523.0	1439.0
1527.0	1436.0
1528.0	1432.0
1529.0	1429.0
1527.0	1426.0
1525.0	1422.0
1520.0	1418.0
1517.0	1415.0
1513.0	1412.0
1511.0	1409.0
1508.0	1408.0
1502.0	1407.0
1494.0	1406.0
1485.0	1404.0
1476.0	1402.0
1466.0	1399.0
1460.0	1395.0
1455.0	1392.0
1452.0	1388.0
1447.0	1385.0
1443.0	1384.0
1439.0	1383.0
1436.0	1384.0
1433.0	1388.0
1432.0	1397.0
1430.0	1412.0
1426.0	1433.0
1423.0	1456.0
1421.0	1477.0
1419.0	1498.0
1417.0	1517.0
1416.0	1536.0
1414.0	1553.0
1411.0	1567.0
1407.0	1578.0
1405.0	1583.0
1402.0	1584.0
1398.0	1581.0
1394.0	1577.0
1391.0	1573.0
1391.0	1571.0
1391.0	1571.0
1392.0	1574.0
1391.0	1578.0
1390.0	1583.0
1389.0	1588.0
1385.0	1594.0
1381.0	1600.0
1375.0	1607.0
1372.0	1612.0
1370.0	1617.0
1368.0	1620.0
1369.0	1622.0
1371.0	1622.0
1379.0	1621.0
1398.0	1618.0
1432.0	1612.0
1479.0	1605.0
1522.0	1594.0
1554.0	1582.0
1586.0	1570.0
1624.0	1559.0
1663.0	1552.0
1698.0	1546.0
1720.0	1543.0
1731.0	1540.0
1730.0	1538.0
1719.0	1535.0
1702.0	1532.0
1683.0	1530.0
1663.0	1528.0
1643.0	1527.0
1624.0	1526.0
1608.0	1526.0
1597.0	1526.0
1590.0	1525.0
1587.0	1523.0
1587.0	1520.0
1588.0	1515.0
1593.0	1510.0
1597.0	1505.0
1601.0	1498.0
1606.0	1492.0
1610.0	1487.0
1612.0	1483.0
1613.0	1480.0
1610.0	1477.0
1601.0	1475.0
1585.0	1471.0
1566.0	1467.0
1545.0	1462.0
1527.0	1458.0
1512.0	1453.0
1501.0	1450.0
1494.0	1447.0
1490.0	1444.0
1487.0	1442.0
1485.0	1439.0
1483.0	1437.0
1484.0	1434.0
1486.0	1431.0
1489.0	1428.0
1493.0	1424.0
1500.0	1421.0
1506.0	1417.0
1512.0	1414.0
1516.0	1410.0
1518.0	1406.0
1516.0	1403.0
1512.0	1400.0
1505.0	1397.0
1497.0	1394.0
1487.0	1392.0
1479.0	1391.0
1472.0	1389.0
1467.0	1388.0
1462.0	1388.0
1457.0	1387.0
1452.0	1385.0
1445.0	1383.0
1438.0	1380.0
1430.0	1376.0
1424.0	1373.0
1419.0	1370.0
1415.0	1368.0
1413.0	1368.0
1412.0	1368.0
1411.0	1370.0
1409.0	1375.0
1408.0	1386.0
1406.0	1404.0
1405.0	1427.0
1403.0	1450.0
1401.0	1473.0
1398.0	1495.0
1395.0	1515.0
1394.0	1535.0
1391.0	1553.0
1388.0	1567.0
1384.0	1577.0
1380.0	1581.0
1378.0	1581.0
1377.0	1577.0
1375.0	1572.0
1374.0	1567.0
1374.0	1565.0
1375.0	1566.0
1376.0	1569.0
1377.0	1574.0
1376.0	1580.0
1373.0	1585.0
1369.0	1591.0
1364.0	1596.0
1359.0	1602.0
1356.0	1607.0
1356.0	1612.0
1357.0	1616.0
1358.0	1618.0
1360.0	1618.0
1370.0	1617.0
1392.0	1612.0
1434.0	1606.0
1483.0	1596.0
1524.0	1584.0
1558.0	1572.0
1594.0	1560.0
1635.0	1551.0
1676.0	1544.0
1709.0	1540.0
1729.0	1537.0
1737.0	1535.0
1733.0	1534.0
1719.0	1532.0
1700.0	1531.0
1678.0	1529.0
1655.0	1527.0
1634.0	1526.0
1615.0	1525.0
1600.0	1524.0
1591.0	1522.0
1583.0	1519.0
1578.0	1516.0
1578.0	1512.0
1579.0	1508.0
1583.0	1504.0
1587.0	1500.0
1593.0	1496.0
1599.0	1491.0
1605.0	1487.0
1609.0	1483.0
1608.0	1479.0
1602.0	1475.0
1591.0	1471.0
1573.0	1468.0
1553.0	1463.0
1532.0	1459.0
1515.0	1454.0
1502.0	1450.0
1493.0	1447.0
1488.0	1445.0
1485.0	1443.0
1484.0	1441.0
1484.0	1439.0
1486.0	1436.0
1488.0	1433.0
1491.0	1429.0
1494.0	1425.0
1499.0	1421.0
1505.0	1418.0
1509.0	1414.0
1512.0	1411.0
1511.0	1408.0
1509.0	1406.0
1505.0	1403.0
1501.0	1401.0
1498.0	1399.0
1492.0	1396.0
1485.0	1393.0
1478.0	1389.0
1471.0	1387.0
1466.0	1384.0
1460.0	1382.0
1454.0	1380.0
1448.0	1379.0
1441.0	1378.0
1434.0	1377.0
1426.0	1376.0
1420.0	1373.0
1416.0	1370.0
1414.0	1367.0
1413.0	1365.0
1411.0	1363.0
1410.0	1363.0
1410.0	1363.0
1409.0	1365.0
1406.0	1371.0
1403.0	1382.0
1401.0	1401.0
1398.0	1424.0
1396.0	1449.0
1393.0	1473.0
1391.0	1495.0
1390.0	1516.0
1388.0	1535.0
1386.0	1551.0
1385.0	1563.0
1383.0	1571.0
1380.0	1574.0
1375.0	1573.0
1372.0	1569.0
1370.0	1564.0
1369.0	1560.0
1367.0	1559.0
1365.0	1560.0
1364.0	1563.0
1365.0	1568.0
1366.0	1574.0
1365.0	1579.0
1361.0	1584.0
1356.0	1590.0
1353.0	1595.0
1351.0	1601.0
1351.0	1606.0
1353.0	1609.0
1354.0	1610.0
1358.0	1609.0
1368.0	1607.0
1391.0	1602.0
1434.0	1595.0
1485.0	1586.0
1526.0	1576.0
1563.0	1565.0
1602.0	1554.0
1642.0	1546.0
1679.0	1539.0
1708.0	1535.0
1725.0	1533.0
1729.0	1531.0
1723.0	1529.0
1709.0	1526.0
1688.0	1524.0
1665.0	1522.0
1642.0	1520.0
1622.0	1519.0
1605.0	1518.0
1590.0	1517.0
1580.0	1515.0
1574.0	1513.0
1569.0	1510.0
1568.0	1506.0
1570.0	1501.0
1575.0	1497.0
1582.0	1493.0
1589.0	1490.0
1593.0	1487.0
1596.0	1483.0
1597.0	1478.0
1595.0	1474.0
1590.0	1470.0
1579.0	1466.0
1563.0	1462.0
1545.0	1458.0
1527.0	1455.0
1512.0	1452.0
1499.0	1449.0
1492.0	1446.0
1487.0	1443.0
1486.0	1440.0
1484.0	1438.0
1482.0	1435.0
1480.0	1432.0
1482.0	1429.0
1485.0	1425.0
1489.0	1422.0
1493.0	1418.0
1497.0	1414.0
1501.0	1411.0
1503.0	1408.0
1504.0	1405.0
1503.0	1403.0
1498.0	1400.0
1492.0	1398.0
1488.0	1397.0
1484.0	1396.0
1479.0	1394.0
1475.0	1392.0
1470.0	1389.0
1462.0	1386.0
1455.0	1383.0
1450.0	1380.0
1442.0	1377.0
1436.0	1375.0
1430.0	1373.0
1426.0	1372.0
1423.0	1372.0
1419.0	1371.0
1415.0	1371.0
1413.0	1371.0
1411.0	1369.0
1410.0	1368.0
1408.0	1369.0
1406.0	1376.0
1403.0	1393.0
1400.0	1417.0
1397.0	1445.0
1395.0	1473.0
1392.0	1496.0
1390.0	1515.0
1388.0	1531.0
1385.0	1544.0
1383.0	1555.0
1381.0	1565.0
1381.0	1572.0
1382.0	1576.0
1383.0	1576.0
1381.0	1574.0
1378.0	1571.0
1376.0	1569.0
1373.0	1570.0
1370.0	1572.0
1368.0	1576.0
1364.0	1580.0
1361.0	1584.0
1360.0	1586.0
1359.0	1589.0
1359.0	1592.0
1361.0	1596.0
1363.0	1602.0
1363.0	1607.0
1360.0	1612.0
1356.0	1614.0
1359.0	1613.0
1376.0	1609.0
1414.0	1602.0
1470.0	1593.0
1525.0	1581.0
1566.0	1568.0
1599.0	1557.0
1632.0	1548.0
1664.0	1542.0
1691.0	1537.0
1710.0	1534.0
1720.0	1532.0
1722.0	1531.0
1717.0	1529.0
1704.0	1527.0
1685.0	1524.0
1665.0	1522.0
1646.0	1520.0
1628.0	1518.0
1612.0	1516.0
1598.0	1514.0
1587.0	1512.0
1579.0	1510.0
1573.0	1507.0
1569.0	1503.0
1569.0	1498.0
1573.0	1493.0
1579.0	1487.0
1585.0	1483.0
1591.0	1479.0
1597.0	1476.0
1598.0	1474.0
1595.0	1471.0
1585.0	1468.0
1568.0	1464.0
1548.0	1459.0
1529.0	1455.0
1514.0	1451.0
1502.0	1448.0
1494.0	1446.0
1489.0	1443.0
1486.0	1441.0
1483.0	1438.0
1484.0	1434.0
1485.0	1430.0
1486.0	1426.0
1486.0	1423.0
1487.0	1421.0
1492.0	1420.0
1496.0	1418.0
1499.0	1415.0
1501.0	1413.0
1501.0	1410.0
1502.0	1406.0
1500.0	1403.0
1495.0	1399.0
1487.0	1397.0
1479.0	1395.0
1472.0	1394.0
1467.0	1393.0
1464.0	1392.0
1460.0	1391.0
1456.0	1390.0
1452.0	1389.0
1446.0	1387.0
1439.0	1386.0
1432.0	1385.0
1426.0	1383.0
1423.0	1381.0
1419.0	1379.0
1417.0	1378.0
1416.0	1376.0
1414.0	1375.0
1410.0	1373.0
1406.0	1371.0
1402.0	1370.0
1398.0	1373.0
1398.0	1384.0
1398.0	1406.0
1398.0	1435.0
1397.0	1467.0
1396.0	1495.0
1395.0	1516.0
1394.0	1533.0
1390.0	1545.0
1386.0	1556.0
1382.0	1565.0
1380.0	1573.0
1380.0	1579.0
1382.0	1582.0
1382.0	1581.0
1382.0	1579.0
1382.0	1577.0
1381.0	1576.0
1381.0	1577.0
1380.0	1580.0
1378.0	1583.0
1377.0	1587.0
1377.0	1589.0
1375.0	1591.0
1372.0	1595.0
1370.0	1600.0
1370.0	1606.0
1368.0	1614.0
1363.0	1620.0
1360.0	1624.0
1359.0	1625.0
1363.0	1623.0
1384.0	1619.0
1433.0	1613.0
1501.0	1605.0
1559.0	1596.0
1598.0	1586.0
1627.0	1575.0
1653.0	1565.0
1681.0	1557.0
1707.0	1550.0
1724.0	1545.0
1729.0	1541.0
1726.0	1539.0
1717.0	1537.0
1701.0	1536.0
1682.0	1536.0
1663.0	1535.0
1645.0	1534.0
1627.0	1532.0
1611.0	1530.0
1596.0	1527.0
1584.0	1523.0
1577.0	1519.0
1573.0	1516.0
1574.0	1514.0
1578.0	1512.0
1586.0	1509.0
1595.0	1506.0
1603.0	1501.0
1609.0	1495.0
1613.0	1489.0
1613.0	1483.0
1609.0	1477.0
1602.0	1472.0
1590.0	1469.0
1575.0	1466.0
1557.0	1464.0
1542.0	1462.0
1526.0	1460.0
1514.0	1457.0
1503.0	1454.0
1496.0	1451.0
1490.0	1447.0
1489.0	1444.0
1489.0	1440.0
1492.0	1436.0
1495.0	1432.0
1500.0	1428.0
1505.0	1423.0
1507.0	1420.0
1508.0	1418.0
1508.0	1416.0
1507.0	1416.0
1506.0	1416.0
1505.0	1414.0
1505.0	1411.0
1505.0	1407.0
1502.0	1402.0
1497.0	1397.0
1489.0	1393.0
1481.0	1389.0
1471.0	1387.0
1461.0	1385.0
1452.0	1385.0
1445.0	1384.0
1440.0	1384.0
1437.0	1383.0
1435.0	1382.0
1433.0	1382.0
1430.0	1382.0
1428.0	1383.0
1424.0	1383.0
1421.0	1383.0
1418.0	1382.0
1416.0	1380.0
1413.0	1382.0
1410.0	1393.0
1406.0	1415.0
1401.0	1445.0
1397.0	1476.0
1395.0	1501.0
1394.0	1520.0
1395.0	1533.0
1398.0	1542.0
1401.0	1551.0
1401.0	1560.0
1397.0	1567.0
1391.0	1573.0
1387.0	1575.0
1381.0	1574.0
1376.0	1570.0
1371.0	1567.0
1369.0	1564.0
1368.0	1565.0
1369.0	1567.0
1370.0	1570.0
1370.0	1574.0
1370.0	1576.0
1370.0	1577.0
1371.0	1579.0
1373.0
1377.0
1383.0
1384.0
1381.0
1378.0
1380.0
1401.0
1455.0
1526.0
1577.0
1605.0
1627.0
1650.0
1673.0
1695.0
1709.0
1712.0
1705.0
1694.0
1678.0
1659.0
1638.0
1618.0
1599.0
1583.0
1570.0
1562.0
1556.0
1552.0
1551.0
1554.0
1560.0
