pf.txt	Playa fina				
Muestreo=	4				
Prof. Via1	0.13				
Prof. Via2	0.293				
Prof. Via3	0.455				
Prof. Via4	0.78				
PRES	DIAM	VIA1	VIA2	VIA3	VIA4
103880.7	1.96	-1.042	2.6768	2.6768	7.043
103945.6	1.959837	-1.042	1.5782	1.5782	6.3106
103912.9	1.959397	-0.676	0.8458	0.8458	5.5782
103636.2	1.958853	0.4228	-0.62	-0.62	5.5782
103367.7	1.95807	1.1552	-0.62	-0.62	4.8458
103168.4	1.957317	2.254	-0.62	-0.62	4.4794
102873.4	1.956148	2.254	0.1132	0.1132	4.1132
102595.8	1.955146	2.6202	0.8458	0.8458	4.1132
102326.8	1.95395	2.9864	1.212	1.212	3.3808
102062.1	1.952727	3.3526	1.9444	1.9444	3.3808
101864.7	1.951283	2.9864	2.3106	2.3106	2.2822
101831.1	1.949934	1.8876	2.6768	2.6768	1.5498
102009.5	1.948574	1.1552	2.3106	2.3106	0.4512
102814.7	1.9473	0.789	1.9444	1.9444	0.085
103998.4	1.946252	1.1552	1.212	1.212	-0.648
105892	1.944231	1.5214	0.8458	0.8458	-1.014
108010.3	1.94398	1.8876	0.4794	0.4794	-1.014
110436.4	1.94488	2.254	0.4794	0.4794	-1.014
112951.1	1.946523	2.9864	1.212	1.212	0.085
115575.4	1.947512	3.3526	2.3106	2.3106	1.916
118124.2	1.950459	3.3526	4.5078	4.5078	4.1132
120635.2	1.954336	4.085	6.705	6.705	7.4092
122932.2	1.958708	5.1836	8.5362	8.5362	10.3388
125122	1.962642	8.8458	11.0996	11.0996	12.17
127258.4	1.967652	12.1416	14.3956	14.3956	14.3672
129042.5	1.973043	15.4376	17.3252	17.3252	16.5644
130715.6	1.97858	17.2686	19.1562	19.1562	19.4942
132268.2	1.983466	18.3672	21.3536	21.3536	23.5224
133695.4	1.989088	19.832	24.2832	24.2832	27.917
135189.9	1.994784	20.9306	28.3116	28.3116	31.5792
136458	2.00045	22.7618	31.9736	31.9736	34.875
137547.6	2.005941	26.4238	35.6358	35.6358	38.9034
138613.1	2.011274	29.3536	37.833	37.833	42.1992
139601.5	2.016418	30.4522	40.7626	40.7626	45.4952
140421.2	2.021683	30.8184	43.6924	43.6924	48.4248
141091.3	2.028431	30.8184	45.1572	45.1572	51.3544
141816.9	2.033083	31.5508	46.622	46.622	53.1856
142244.8	2.037074	30.4522	46.9882	46.9882	53.918
142719.1	2.040862	28.2548	46.9882	46.9882	53.918
143021.3	2.044467	26.0576	46.622	46.622	52.8194
143172.3	2.04776	26.0576	46.2558	46.2558	50.622
143117.8	2.050872	26.79	44.4248	44.4248	49.5234
142895.2	2.053671	26.4238	43.6924	43.6924	46.96
142393.5	2.054232	26.4238	42.5938	42.5938	44.7626
141686.8	2.052826	25.3252	41.4952	41.4952	42.9316
140682.8	2.05499	23.4942	40.7626	40.7626	42.5654
139399.7	2.057231	23.128	40.7626	40.7626	42.5654
137716.6	2.057436	23.128	40.7626	40.7626	44.0302
135703.7	2.056395	23.8604	40.0302	40.0302	45.129
133590.6	2.057369	24.959	39.2978	39.2978	45.129
131167.2	2.058001	26.0576	38.1992	38.1992	44.7626
128784	2.057296	26.4238	37.1006	37.1006	42.5654
126811.3	2.055633	24.5928	34.5372	34.5372	38.1708
125824.9	2.054185	22.7618	31.9736	31.9736	33.4102
126177.9	2.052441	19.832	28.6778	28.6778	28.2832
126679.8	2.050675	16.17	24.2832	24.2832	22.79
126670.4	2.049674	12.1416	20.621	20.621	18.0292
126340.3	2.049067	8.4794	17.3252	17.3252	13.2686
125849.8	2.048619	5.916	14.3956	14.3956	9.2402
125279.1	2.047725	4.4512	11.832	11.832	5.9444
124798.5	2.046676	2.9864	10.001	10.001	3.3808
124167.6	2.045389	1.8876	8.17	8.17	1.1836
123722.1	2.044231	1.5214	6.705	6.705	-0.648
123499.3	2.042944	0.789	4.874	4.874	-2.112
123127.5	2.041834	0.789	3.043	3.043	-3.212
122876.6	2.040688	1.1552	2.3106	2.3106	-5.042
122425.6	2.039657	0.0566	0.8458	0.8458	-5.774
122004.9	2.038484	-0.31	-0.986	-0.986	-7.606
121794.5	2.03738	-0.676	-2.816	-2.816	-9.436
121429	2.036238	-1.042	-5.014	-5.014	-10.902
121246.2	2.035065	-1.408	-5.38	-5.38	-12.366
120829.4	2.034106	-1.774	-6.112	-6.112	-14.198
120425.7	2.0305	-2.506	-6.844	-6.844	-15.296
120223.9	2.028284	-3.24	-7.944	-7.944	-16.76
119992.8	2.02766	-5.07	-9.774	-9.774	-17.494
119747.1	2.027099	-6.536	-11.24	-11.24	-17.86
119559.1	2.025174	-8.366	-12.338	-12.338	-19.324
119400.1	2.024029	-9.832	-13.436	-13.436	-20.79
119255.5	2.023439	-10.93	-15.268	-15.268	-22.62
118987.9	2.023006	-12.028	-16.366	-16.366	-24.818
118658.8	2.022519	-12.394	-16.732	-16.732	-27.014
118429.2	2.022129	-12.76	-17.098	-17.098	-28.48
118249.3	2.021484	-13.494	-17.464	-17.464	-29.578
118029.2	2.020953	-13.86	-17.832	-17.832	-29.578
117789	2.02023	-13.494	-17.832	-17.832	-29.212
117603.8	2.019677	-13.126	-18.198	-18.198	-28.846
117381	2.019131	-12.76	-18.198	-18.198	-28.48
117204.5	2.018541	-12.028	-18.198	-18.198	-27.748
116986.1	2.017961	-10.93	-17.464	-17.464	-25.916
116811.8	2.017439	-9.464	-16.366	-16.366	-23.718
116724.7	2.016774	-9.098	-14.902	-14.902	-20.422
116485.8	2.016077	-9.464	-13.802	-13.802	-18.226
116171.1	2.01545	-10.198	-13.436	-13.436	-16.394
115753.4	2.014885	-10.198	-13.436	-13.436	-15.296
115479.5	2.014181	-9.464	-13.07	-13.07	-13.098
115147.3	2.013303	-7.634	-12.704	-12.704	-11.268
114851	2.012218	-6.17	-11.606	-11.606	-8.704
114442.5	2.008793	-5.07	-10.506	-10.506	-6.874
114043	2.007424	-3.972	-8.676	-8.676	-5.042
113582.9	2.006634	-2.874	-6.478	-6.478	-3.578
113222.6	2.005628	-2.506	-5.38	-5.38	-2.844
112782.2	2.003058	-2.506	-4.282	-4.282	-2.112
112301.6	2.001871	-2.506	-3.182	-3.182	-2.112
111866	2.000999	-1.774	-2.084	-2.084	-2.844
111387.9	2.000018	-0.676	-2.084	-2.084	-2.844
110888.5	1.998204	-0.31	-2.084	-2.084	-3.212
110378.4	1.997062	0.4228	-1.718	-1.718	-3.578
109667.8	1.996083	0.789	-2.084	-2.084	-3.944
109182.3	1.994957	1.1552	-0.986	-0.986	-3.578
108744.3	1.993601	1.5214	-0.986	-0.986	-3.212
108199.8	1.992429	1.8876	-0.986	-0.986	-2.478
107797.4	1.991276	2.9864	-0.986	-0.986	-1.38
107140.6	1.989945	2.6202	-0.62	-0.62	-0.648
106747.1	1.988747	2.6202	-0.254	-0.254	0.085
106355.1	1.987424	2.9864	0.1132	0.1132	1.1836
106094	1.986184	2.9864	0.4794	0.4794	1.5498
105638	1.984823	2.6202	0.4794	0.4794	2.2822
105344.9	1.98355	2.6202	0.8458	0.8458	2.2822
105068.2	1.982012	2.254	0.8458	0.8458	1.916
104734.6	1.980725	1.5214	1.5782	1.5782	1.916
104567.8	1.979322	0.4228	1.5782	1.5782	1.5498
104874.9	1.978991	0.0566	1.9444	1.9444	1.5498
105288.8	1.979329	-0.676	1.9444	1.9444	1.916
105300.5	1.977821	-1.408	1.9444	1.9444	2.2822
104785.7	1.975876	-1.408	1.212	1.212	3.3808
104333	1.973244	-1.408	-0.254	-0.254	3.3808
103976.5	1.970238	-1.042	-0.986	-0.986	3.0146
103602.9	1.968953	-1.408	-1.718	-1.718	2.2822
103416.2	1.967356	-1.042	-1.718	-1.718	1.916
102997.3	1.965135	-0.676	-2.084	-2.084	1.916
102787.9	1.963038	-0.31	-1.718	-1.718	1.916
102553	1.961298	0.0566	-1.718	-1.718	2.2822
102240.3	1.959634	0.4228	-2.084	-2.084	2.2822
101953.8	1.958038	0.4228	-2.45	-2.45	1.5498
101810.5	1.95621	0.0566	-2.45	-2.45	1.1836
101543.6	1.95432	-0.31	-2.084	-2.084	0.085
101475.3	1.952814	-1.042	-1.352	-1.352	-0.282
101701.5	1.950921	-2.14	-0.986	-0.986	-0.648
102465.4	1.949364	-1.774	0.1132	0.1132	-1.014
103758.6	1.948207	-1.408	-0.62	-0.62	-1.38
105576.8	1.947362	-1.408	-0.254	-0.254	-1.746
107657.5	1.947091	-0.676	0.4794	0.4794	-1.38
110129.8	1.94773	-0.676	1.212	1.212	-1.014
112602.6	1.949088	-0.31	3.043	3.043	0.8174
115205.8	1.951241	0.4228	4.5078	4.5078	3.0146
117939.4	1.954207	1.8876	7.4376	7.4376	5.9444
120412.7	1.959816	2.6202	10.3672	10.3672	9.6064
122755.8	1.964863	5.1836	13.663	13.663	13.2686
124903.7	1.968917	7.3808	16.5928	16.5928	16.1982
126888.9	1.973397	10.6768	19.8886	19.8886	17.663
128792.7	1.975275	13.6064	23.5508	23.5508	20.2266
130590.7	1.979119	16.17	25.748	25.748	23.8886
132205.7	1.984735	19.832	27.2128	27.2128	28.2832
133664	1.990475	22.0292	28.3116	28.3116	32.6778
134979	1.993241	25.6914	31.2412	31.2412	35.6074
136222.3	1.997738	28.9874	33.8046	33.8046	38.5372
137429.8	2.003304	30.086	36.7344	36.7344	41.1006
138489.1	2.008999	30.8184	38.5654	38.5654	42.1992
139539.5	2.01246	31.5508	39.664	39.664	43.664
140325	2.017044	33.3818	41.8614	41.8614	45.129
141043.3	2.022247	34.1142	42.5938	42.5938	46.2276
141662.7	2.027272	35.5792	44.0586	44.0586	48.791
142297.9	2.031159	36.3116	45.1572	45.1572	50.2558
142680.6	2.035342	37.044	46.9882	46.9882	52.087
143002	2.039597	37.4102	48.087	48.087	54.2842
143227.9	2.043524	37.7764	49.1856	49.1856	56.4814
143080.5	2.047059	39.2412	49.918	49.918	57.58
142811.5	2.050338	41.0722	49.918	49.918	58.6788
142286.4	2.053437	42.5372	49.5518	49.5518	58.3126
141568.3	2.05598	40.706	49.5518	49.5518	57.2138
140558.5	2.058465	37.044	49.1856	49.1856	55.749
139272.4	2.060359	33.0156	48.4532	48.4532	54.2842
137653	2.061965	29.3536	46.622	46.622	52.8194
135801.9	2.063019	26.79	43.6924	43.6924	51.3544
133574.7	2.06382	24.5928	40.3964	40.3964	49.1572
131224.3	2.063856	23.128	37.4668	37.4668	46.2276
128747.4	2.063447	21.663	34.5372	34.5372	42.1992
126662.8	2.062198	20.1982	31.2412	31.2412	37.8046
125620.5	2.059995	18.7334	28.3116	28.3116	33.4102
125750.2	2.054192	16.9024	24.6494	24.6494	29.0156
126400.9	2.051615	14.3388	20.621	20.621	24.621
126400.8	2.050667	11.4092	16.2266	16.2266	19.8604
125945.1	2.049764	8.4794	12.9306	12.9306	15.4658
125522	2.046993	5.916	10.001	10.001	11.8038
125115.2	2.045968	4.8174	7.4376	7.4376	8.5078
124521.3	2.045242	3.7188	4.874	4.874	6.6768
123964	2.044049	2.9864	3.043	3.043	4.4794
123490	2.042339	2.254	1.9444	1.9444	1.916
123188	2.041192	1.1552	1.5782	1.5782	0.085
122971.9	2.040404	0.4228	1.212	1.212	-2.112
122538.4	2.039304	-0.31	1.212	1.212	-3.944
122126.4	2.037774	-1.408	0.8458	0.8458	-5.774
121725.1	2.036839	-1.774	0.1132	0.1132	-8.338
121329.2	2.036144	-2.506	-0.254	-0.254	-10.902
121131.3	2.035224	-2.874	-1.718	-1.718	-13.832
120902.1	2.034445	-3.606	-3.182	-3.182	-16.394
120592.3	2.033598	-4.338	-4.648	-4.648	-19.324
120242.1	2.032835	-5.802	-6.112	-6.112	-22.254
119936.8	2.032099	-6.536	-7.944	-7.944	-25.184
119719.1	2.03129	-8.366	-10.14	-10.14	-27.38
119675.3	2.030464	-9.464	-11.972	-11.972	-29.212
119328	2.029672	-10.564	-13.07	-13.07	-30.676
119024.2	2.028812	-11.296	-14.536	-14.536	-31.41
118872.2	2.027988	-12.394	-15.268	-15.268	-31.042
118666.1	2.027248	-12.76	-16.366	-16.366	-30.31
118497.9	2.026483	-12.76	-17.832	-17.832	-30.31
118283.7	2.025795	-13.126	-18.198	-18.198	-30.676
118046.4	2.023412	-13.126	-18.93	-18.93	-30.31
117797.6	2.020974	-13.494	-18.564	-18.564	-29.212
117477.9	2.020493	-12.76	-18.564	-18.564	-27.014
117253	2.020208	-12.028	-17.464	-17.464	-24.818
117075.4	2.01907	-10.564	-15.634	-15.634	-22.62
116921.5	2.017996	-9.832	-14.17	-14.17	-20.422
116779.5	2.017618	-9.098	-12.338	-12.338	-18.226
116578.3	2.017424	-8.366	-10.874	-10.874	-17.126
116412.6	2.017103	-7.634	-9.042	-9.042	-15.662
116134.5	2.016912	-5.802	-7.212	-7.212	-14.564
115865.3	2.016446	-5.802	-6.478	-6.478	-13.098
115535.4	2.015929	-5.436	-5.014	-5.014	-10.17
115240.3	2.015268	-5.07	-4.282	-4.282	-7.972
114897.5	2.014623	-3.606	-3.916	-3.916	-5.774
114530.8	2.013798	-3.24	-2.816	-2.816	-3.578
114217.3	2.012909	-2.874	-2.45	-2.45	-1.38
113735.1	2.012109	-2.14	-2.45	-2.45	0.4512
113363.9	2.011095	-1.408	-1.718	-1.718	2.2822
112917.9	2.010133	-1.042	-0.986	-0.986	3.0146
112434.5	2.008973	-0.676	0.1132	0.1132	3.3808
111997.6	2.00793	-0.31	0.4794	0.4794	3.747
111453.7	2.006746	-0.31	0.8458	0.8458	4.4794
110921.4	2.005582	0.4228	1.9444	1.9444	5.212
110590.1	2.00429	0.789	1.9444	1.9444	5.5782
110099.1	2.003176	0.4228	3.043	3.043	7.043
109528.1	1.999724	-0.31	3.043	3.043	7.7754
109047.3	1.997646	-1.042	3.4092	3.4092	9.2402
108416.4	1.996707	-1.408	4.1416	4.1416	9.2402
107775.6	1.995616	-1.042	4.874	4.874	9.6064
107259.9	1.993116	0.0566	5.2402	5.2402	9.2402
106806.7	1.991454	0.789	5.2402	5.2402	8.5078
106384.9	1.990399	1.5214	5.6064	5.6064	7.7754
105978.7	1.989254	1.1552	5.6064	5.6064	6.6768
105450.2	1.988174	0.4228	5.6064	5.6064	5.9444
105055.8	1.987006	0.0566	5.2402	5.2402	5.5782
104923.6	1.985808	0.0566	3.7754	3.7754	5.212
104532.1	1.984436	0.4228	3.4092	3.4092	5.212
104141.1	1.98325	0.789	3.4092	3.4092	4.8458
103945.6	1.981986	0.789	3.043	3.043	4.4794
104173.3	1.980752	1.1552	2.3106	2.3106	4.1132
104612.6	1.979346	0.789	1.5782	1.5782	3.3808
104571.9	1.978032	-0.31	1.9444	1.9444	3.0146
103965.7	1.976605	-1.042	1.9444	1.9444	1.5498
103532.5	1.975223	-2.506	0.8458	0.8458	0.8174
103315.8	1.973635	-2.874	0.4794	0.4794	0.085
102947.2	1.971864	-3.24	-0.62	-0.62	-0.648
102632.7	1.969437	-3.24	-0.62	-0.62	-0.648
102410.3	1.967743	-3.24	-0.986	-0.986	-1.38
102234.1	1.96612	-3.24	-0.986	-0.986	-1.746
102015.8	1.964512	-3.24	-1.718	-1.718	-1.38
101841.5	1.962771	-3.24	-1.718	-1.718	-1.746
101559.1	1.961058	-3.606	-1.718	-1.718	-1.38
101287.8	1.95932	-3.972	-2.084	-2.084	-1.746
101021.9	1.957265	-3.606	-2.084	-2.084	-2.112
100954.1	1.954437	-3.24	-2.816	-2.816	-2.844
101115.4	1.952577	-3.24	-2.45	-2.45	-3.578
101781.9	1.951295	-2.874	-2.816	-2.816	-4.31
102896.2	1.950043	-2.874	-2.45	-2.45	-4.676
104559.8	1.949309	-2.874	-3.182	-3.182	-5.042
106693.4	1.949088	-3.24	-3.548	-3.548	-5.408
108931.7	1.949625	-2.874	-3.916	-3.916	-5.774
111482.9	1.950548	-1.774	-4.282	-4.282	-5.408
114060.2	1.952016	-0.676	-3.548	-3.548	-4.31
116715.7	1.954758	0.0566	-2.084	-2.084	-2.478
119149.9	1.958401	1.8876	0.4794	0.4794	0.085
121473.5	1.962415	4.085	2.6768	2.6768	3.747
123741.9	1.966909	8.1132	5.2402	5.2402	7.7754
125787.2	1.971786	12.5078	7.8038	7.8038	12.9024
127591	1.976862	16.9024	11.4658	11.4658	18.7618
129273.9	1.982213	22.0292	15.8604	15.8604	23.5224
130896.4	1.987715	26.0576	20.9874	20.9874	27.917
132293.5	1.99301	28.9874	26.1142	26.1142	32.6778
133577.8	1.998363	29.7198	30.5088	30.5088	36.3398
134805.8	2.00372	29.7198	34.9034	34.9034	39.6358
135810.3	2.008933	29.3536	38.5654	38.5654	42.1992
136703	2.014114	30.4522	41.129	41.129	44.3964
137605.1	2.019023	31.917	41.8614	41.8614	46.5938
138381.5	2.023881	32.2832	41.4952	41.4952	48.4248
139095.1	2.025657	32.2832	41.8614	41.8614	50.2558
139712.3	2.027354	33.3818	42.5938	42.5938	52.4532
140216.1	2.031722	33.748	44.0586	44.0586	54.2842
140793.6	2.036339	35.2128	44.791	44.791	56.4814
141017.1	2.037947	35.5792	44.0586	44.0586	56.8476
141128.8	2.039541	34.8466	44.791	44.791	57.2138
141054.6	2.043376	32.2832	44.4248	44.4248	57.58
140757.2	2.047171	31.5508	43.6924	43.6924	57.9462
140282.9	2.048822	32.2832	43.3262	43.3262	56.8476
139525.2	2.050358	31.917	42.96	42.96	55.3828
138495.4	2.05316	31.5508	42.5938	42.5938	53.918
137199.4	2.055633	30.086	41.8614	41.8614	52.087
135640.2	2.057026	28.9874	40.7626	40.7626	51.3544
133689.1	2.057986	26.79	39.664	39.664	49.8896
131541.9	2.059291	24.5928	38.9316	38.9316	48.791
128841.1	2.059682	21.663	37.4668	37.4668	47.3262
126384.2	2.059494	18.001	36.3682	36.3682	45.8614
124374.7	2.058689	15.4376	34.5372	34.5372	42.9316
123304.9	2.05718	12.1416	31.9736	31.9736	39.6358
123485.9	2.055137	9.5782	29.044	29.044	35.2412
124292.4	2.053346	6.2822	25.748	25.748	30.4804
124370.2	2.051931	3.3526	22.8184	22.8184	26.086
123953.5	2.051294	0.4228	19.5224	19.5224	21.6914
123419.7	2.050721	-1.408	17.3252	17.3252	18.3956
122957.6	2.049862	-3.24	15.8604	15.8604	15.4658
122401	2.048551	-3.24	14.3956	14.3956	12.5362
121862.4	2.047174	-3.24	12.5644	12.5644	11.4376
121397.9	2.045788	-3.24	11.0996	11.0996	10.3388
121035.4	2.044541	-4.338	9.6348	9.6348	9.6064
120658.9	2.039941	-5.07	8.5362	8.5362	9.2402
120340.5	2.037809	-4.704	7.4376	7.4376	8.5078
119920.9	2.037359	-6.17	6.705	6.705	7.4092
119515.9	2.036759	-6.536	5.9726	5.9726	6.3106
119183.2	2.034113	-6.536	5.6064	5.6064	5.212
118951.7	2.032808	-6.902	4.5078	4.5078	4.4794
118640.8	2.032467	-7.634	3.4092	3.4092	4.1132
118290	2.031867	-8.732	1.9444	1.9444	3.747
117984.5	2.030885	-10.198	0.8458	0.8458	2.2822
117701.5	2.030148	-10.564	0.4794	0.4794	1.5498
117429.9	2.029828	-10.93	-0.254	-0.254	0.8174
117228.9	2.029345	-11.296	-1.352	-1.352	0.085
116998.3	2.028125	-11.662	-2.084	-2.084	-1.014
116817.9	2.027469	-12.028	-2.816	-2.816	-1.746
116727.7	2.027221	-12.394	-3.548	-3.548	-2.112
116617.5	2.026802	-13.494	-4.282	-4.282	-2.844
116432.2	2.026425	-13.86	-4.648	-4.648	-2.844
116274.5	2.026085	-14.226	-5.38	-5.38	-2.844
116130.6	2.025682	-14.592	-5.014	-5.014	-2.112
115798.2	2.025269	-14.592	-5.014	-5.014	-1.746
115697.2	2.024898	-14.592	-5.38	-5.38	-0.282
115386.3	2.024565	-14.226	-5.746	-5.746	0.4512
115230.8	2.024117	-13.86	-5.38	-5.38	1.916
115088	2.023813	-12.76	-5.014	-5.014	1.916
114951.5	2.022608	-12.028	-5.014	-5.014	2.6484
114818.2	2.019172	-11.296	-4.282	-4.282	3.747
114621.4	2.018431	-10.93	-5.014	-5.014	3.747
114392.8	2.018401	-10.198	-4.282	-4.282	4.4794
114213.4	2.017443	-9.464	-4.648	-4.648	4.8458
113993.5	2.014867	-8.732	-5.014	-5.014	5.5782
113623.2	2.014263	-8.366	-5.38	-5.38	6.3106
113307.9	2.014111	-8	-5.746	-5.746	6.6768
112889.9	2.013386	-7.268	-5.014	-5.014	7.043
112485.6	2.011999	-6.17	-4.648	-4.648	7.4092
112088.2	2.011339	-5.436	-3.916	-3.916	7.7754
111629.2	2.010745	-4.704	-3.916	-3.916	8.874
111204.4	2.009965	-4.704	-2.45	-2.45	9.2402
110731.6	2.009165	-3.972	-1.352	-1.352	9.6064
110234.9	2.008347	-3.606	-0.986	-0.986	9.9726
109856.4	2.007464	-2.874	-0.62	-0.62	9.9726
109406.7	2.007257	-2.506	0.1132	0.1132	9.6064
108856.5	2.007904	-2.14	1.212	1.212	9.2402
108321	2.006771	-2.14	1.9444	1.9444	8.5078
107792.9	2.005262	-1.774	2.3106	2.3106	8.1416
107268.5	2.003953	-1.774	2.6768	2.6768	8.5078
106680.9	2.002481	-1.042	2.3106	2.3106	8.1416
106126.7	2.001058	-0.676	2.6768	2.6768	7.4092
105589.3	1.999385	0.789	2.6768	2.6768	7.043
105190.4	1.998027	1.5214	1.9444	1.9444	5.9444
104730.6	1.99656	1.8876	0.4794	0.4794	5.212
104370.5	1.99519	2.254	0.1132	0.1132	3.747
103865	1.993614	1.8876	0.1132	0.1132	3.0146
103482.1	1.992196	1.1552	0.1132	0.1132	1.916
103030.3	1.989353	-0.31	-0.254	-0.254	1.1836
102674.2	1.986744	-1.408	-0.62	-0.62	0.085
102300.9	1.985474	-2.874	-0.62	-0.62	-1.014
102309.5	1.984234	-4.338	-0.254	-0.254	-2.112
102769.5	1.982137	-4.704	-0.62	-0.62	-3.212
102999.4	1.980152	-5.07	-0.254	-0.254	-3.578
102658.8	1.978856	-5.07	-1.352	-1.352	-3.944
102032.9	1.977591	-3.972	-1.718	-1.718	-3.944
101654.8	1.976208	-3.24	-1.718	-1.718	-4.31
101465.8	1.974571	-2.14	-1.352	-1.352	-4.31
101110.9	1.973098	-1.042	-1.718	-1.718	-4.31
100868.4	1.971381	-1.042	-1.718	-1.718	-4.31
100617	1.971451	0.0566	-1.352	-1.352	-4.676
100686.5	1.970731	0.789	-0.986	-0.986	-4.31
100591.1	1.96876	1.5214	-0.986	-0.986	-3.944
100478.3	1.966497	1.8876	-1.352	-1.352	-3.578
100226.7	1.964411	2.254	-1.352	-1.352	-3.578
99970.65	1.962288	1.5214	-1.352	-1.352	-2.844
99777.57	1.960182	1.1552	-1.352	-1.352	-1.746
99615.93	1.95809	1.1552	-1.718	-1.718	-1.38
99925.64	1.956159	0.789	-1.718	-1.718	-1.38
100536.1	1.95447	0.789	-1.352	-1.352	-1.38
101687.5	1.95295	0.0566	-0.986	-0.986	-1.746
103499.9	1.951875	0.4228	-0.62	-0.62	-1.014
105642.7	1.951496	0.4228	-0.62	-0.62	-1.38
108015.9	1.951792	0.789	0.1132	0.1132	-0.648
110569.3	1.952842	1.1552	0.4794	0.4794	0.4512
113278	1.955011	2.254	1.9444	1.9444	1.916
115934	1.9576	3.7188	3.4092	3.4092	3.0146
118368.6	1.958706	5.5498	5.2402	5.2402	4.4794
120627.3	1.962052	7.747	8.17	8.17	6.6768
122798	1.966877	10.3106	10.7334	10.7334	9.6064
124794.6	1.971855	12.1416	14.0292	14.0292	13.2686
126378.7	1.975503	13.6064	18.0576	18.0576	17.2968
128082	1.98055	15.0712	22.4522	22.4522	21.6914
129649.6	1.986316	16.5362	26.4804	26.4804	25.3536
130954.1	1.991849	16.9024	29.7764	29.7764	29.3818
132192.2	1.996731	15.4376	32.706	32.706	33.4102
133266.8	2.002055	14.705	35.2696	35.2696	37.4384
134324.8	2.007385	14.705	37.833	37.833	40.3682
135114.2	2.012672	16.5362	39.664	39.664	42.1992
135964.4	2.017921	19.832	41.129	41.129	43.2978
136780.2	2.022791	23.4942	42.5938	42.5938	44.3964
137448.3	2.02737	28.2548	43.6924	43.6924	45.129
137977.8	2.031786	32.2832	45.1572	45.1572	46.5938
138567.7	2.03576	34.4804	46.622	46.622	47.6924
138927.9	2.039728	35.2128	47.7208	47.7208	48.791
138977.9	2.043299	35.5792	48.8194	48.8194	49.8896
139067.9	2.04671	34.8466	49.5518	49.5518	50.2558
138852.5	2.049779	35.2128	49.918	49.918	50.2558
138484.6	2.052688	34.8466	49.918	49.918	48.791
137909.9	2.05516	33.3818	48.087	48.087	48.4248
136971.9	2.057433	31.1846	46.9882	46.9882	47.6924
135916.9	2.058058	30.086	46.622	46.622	47.3262
134478.4	2.055878	28.9874	45.5234	45.5234	46.5938
132782.7	2.056855	27.8886	44.4248	44.4248	44.7626
130893.4	2.058175	24.959	42.5938	42.5938	41.833
128647.1	2.057844	22.0292	40.0302	40.0302	38.5372
126157	2.055048	20.1982	38.1992	38.1992	35.2412
123805.5	2.054394	18.7334	36.3682	36.3682	32.6778
122044	2.053559	16.9024	33.8046	33.8046	30.1142
121423.5	2.051535	14.3388	30.1426	30.1426	26.8184
122154.7	2.048636	12.1416	27.2128	27.2128	23.8886
122715.6	2.047006	9.9444	23.917	23.917	20.2266
122670.6	2.046274	8.1132	20.9874	20.9874	16.1982
122192.5	2.045664	5.916	18.0576	18.0576	12.9024
121758.2	2.044478	4.4512	15.128	15.128	9.6064
121280.6	2.043705	2.9864	13.2968	13.2968	7.4092
120846.6	2.042715	1.8876	11.4658	11.4658	5.5782
120369.3	2.041579	0.4228	10.001	10.001	4.1132
120065.5	2.04041	-1.042	7.8038	7.8038	2.6484
119718.3	2.039455	-1.774	6.705	6.705	1.1836
119349.5	2.03845	-2.506	5.9726	5.9726	-0.282
119034.9	2.037691	-2.506	5.2402	5.2402	-1.38
118747.4	2.036862	-2.506	4.1416	4.1416	-3.212
118538.6	2.03592	-2.14	2.6768	2.6768	-4.676
118173.8	2.035072	-2.874	2.3106	2.3106	-6.874
117861.3	2.03421	-2.874	1.5782	1.5782	-8.338
117574.8	2.033239	-2.874	0.1132	0.1132	-10.536
117301.4	2.032463	-2.874	-0.986	-0.986	-12
117034.6	2.031765	-3.24	-1.718	-1.718	-13.098
116901.1	2.030989	-4.338	-3.182	-3.182	-14.564
116704.2	2.027793	-5.436	-4.648	-4.648	-16.028
116605.8	2.025259	-5.802	-6.844	-6.844	-16.76
116491.5	2.025036	-6.536	-8.676	-8.676	-16.76
116369.2	2.024738	-6.902	-10.506	-10.506	-17.494
116308.1	2.022999	-6.902	-11.972	-11.972	-18.226
116277.5	2.021631	-6.536	-13.07	-13.07	-18.592
116197.2	2.021526	-6.902	-14.536	-14.536	-18.592
116026.8	2.021333	-6.536	-16	-16	-17.86
116006.7	2.021356	-6.902	-16.732	-16.732	-17.126
115736.3	2.021181	-6.902	-17.464	-17.464	-15.662
115601.1	2.02112	-7.268	-17.098	-17.098	-14.564
115468.4	2.020675	-7.634	-16.732	-16.732	-13.464
115337	2.020224	-8.366	-15.634	-15.634	-13.098
115206.2	2.019966	-7.268	-13.802	-13.802	-12
115140.8	2.019342	-6.902	-12.704	-12.704	-11.634
114977.9	2.018731	-6.536	-11.24	-11.24	-11.268
114831.4	2.018132	-6.17	-10.14	-10.14	-10.536
114562.9	2.017397	-5.436	-9.408	-9.408	-9.802
114363.5	2.016491	-5.07	-7.578	-7.578	-9.07
114133.7	2.015675	-3.972	-6.844	-6.844	-8.338
113823.5	2.014696	-3.24	-5.38	-5.38	-7.24
113668.4	2.013668	-2.506	-5.014	-5.014	-6.506
113200.3	2.012498	-1.774	-3.548	-3.548	-5.408
112901.2	2.011396	-2.14	-2.45	-2.45	-3.944
112556.3	2.010061	-0.31	-1.352	-1.352	-3.212
112188.7	2.006019	0.4228	-0.254	-0.254	-1.014
111809.6	2.003997	1.1552	0.4794	0.4794	0.085
111359.7	2.003157	1.1552	1.9444	1.9444	1.1836
111264.9	2.00201	1.1552	3.043	3.043	3.0146
110696.8	1.99887	2.254	3.7754	3.7754	4.1132
110152.4	1.99727	1.8876	4.5078	4.5078	5.9444
109684.9	1.996368	1.8876	5.6064	5.6064	6.3106
109190.9	1.995311	1.8876	6.3388	6.3388	7.043
108683.5	1.994311	0.4228	7.0712	7.0712	7.4092
108234.5	1.993117	-0.31	7.0712	7.0712	7.4092
107684.6	1.991798	-0.31	6.705	6.705	7.4092
107279.5	1.990464	0.789	6.705	6.705	7.043
106946.7	1.989116	2.254	7.0712	7.0712	7.043
106454.9	1.987756	3.3526	6.705	6.705	7.043
105948.6	1.986287	4.8174	5.9726	5.9726	7.043
105500.2	1.984916	5.5498	5.2402	5.2402	6.6768
105080.8	1.983437	5.916	4.874	4.874	5.9444
104675.8	1.982008	5.5498	4.5078	4.5078	5.212
104343.1	1.980379	5.5498	4.1416	4.1416	4.4794
103981.5	1.978962	5.1836	3.4092	3.4092	4.1132
103670.5	1.977442	5.1836	3.4092	3.4092	2.6484
103710.3	1.976024	5.1836	3.4092	3.4092	1.916
104250.9	1.974504	5.1836	3.043	3.043	1.1836
104651.4	1.973038	4.8174	3.043	3.043	0.4512
104330.9	1.971571	4.085	2.3106	2.3106	0.085
103715.1	1.970153	3.7188	1.9444	1.9444	-1.014
103537.3	1.968632	2.9864	1.9444	1.9444	-1.38
103253.2	1.967018	2.254	1.212	1.212	-1.746
102915.9	1.964929	2.254	0.1132	0.1132	-1.746
102617	1.962069	2.254	-0.254	-0.254	-2.112
102337.4	1.960425	2.254	-0.254	-0.254	-2.478
102067.4	1.958897	2.254	0.1132	0.1132	-3.212
101802.3	1.957375	2.254	0.1132	0.1132	-3.578
101539.5	1.95576	1.5214	-0.62	-0.62	-4.31
101343	1.954111	0.789	-1.352	-1.352	-5.042
101049.6	1.952284	0.4228	-2.084	-2.084	-5.408
100902.8	1.950541	0.4228	-2.816	-2.816	-5.042
100959.6	1.94863	0.4228	-3.548	-3.548	-4.676
101443.6	1.947008	0.0566	-4.282	-4.282	-4.31
102531.8	1.945548	0.0566	-3.916	-3.916	-4.31
104182.3	1.944528	0.0566	-3.548	-3.548	-5.042
106179.2	1.943904	0.4228	-3.548	-3.548	-4.31
108479.4	1.944077	0.4228	-3.182	-3.182	-4.31
111061.4	1.945115	0.789	-2.45	-2.45	-3.578
113654.2	1.946979	0.789	-0.986	-0.986	-2.112
116317.4	1.949637	2.6202	1.212	1.212	0.085
118885.7	1.952911	4.8174	4.1416	4.1416	2.6484
121211.3	1.956837	6.2822	7.0712	7.0712	5.5782
123545.6	1.961105	8.4794	11.4658	11.4658	10.3388
125689.1	1.965828	11.043	14.7618	14.7618	15.0996
127607	1.970911	14.705	18.4238	18.4238	19.8604
129477.2	1.976221	17.2686	21.3536	21.3536	24.2548
131193.3	1.981587	20.5644	23.5508	23.5508	28.2832
132767.4	1.987201	23.4942	25.748	25.748	31.5792
134205.2	1.992694	25.3252	26.8466	26.8466	34.5088
135510	1.998177	26.0576	28.3116	28.3116	37.0722
136748.2	2.003455	26.79	29.7764	29.7764	39.6358
137757.8	2.005657	27.1562	31.9736	31.9736	40.7344
138718.2	2.008766	28.2548	35.2696	35.2696	41.4668
139523.8	2.014111	27.8886	37.1006	37.1006	42.9316
140382.2	2.019264	28.2548	38.5654	38.5654	44.0302
140941.7	2.021943	28.621	39.664	39.664	45.8614
141677	2.025334	29.7198	41.4952	41.4952	46.96
142239.9	2.030002	32.2832	42.2276	42.2276	48.791
142716.6	2.034399	33.3818	42.5938	42.5938	50.2558
142889.9	2.037328	34.8466	42.5938	42.5938	51.3544
142846.4	2.0406	35.5792	43.3262	43.3262	52.087
142824.6	2.044231	35.9454	43.3262	43.3262	51.7208
142227.9	2.047597	35.9454	43.6924	43.6924	51.3544
141799.5	2.050529	35.9454	43.6924	43.6924	51.3544
140934.2	2.053216	34.4804	43.6924	43.6924	51.3544
139915.9	2.055341	33.3818	44.0586	44.0586	51.7208
138495.5	2.0574	31.917	44.4248	44.4248	52.087
136809	2.058763	30.8184	44.4248	44.4248	52.4532
134794.2	2.059795	28.9874	44.0586	44.0586	51.7208
132419.9	2.060184	27.5224	42.5938	42.5938	50.622
130061.2	2.060191	26.4238	42.2276	42.2276	49.1572
127710.2	2.059463	26.0576	40.3964	40.3964	46.96
126144.2	2.058122	25.3252	38.1992	38.1992	42.9316
125816.8	2.05618	23.128	34.9034	34.9034	38.1708
126304	2.054139	20.9306	31.6074	31.6074	33.044
126677.8	2.052203	17.6348	27.2128	27.2128	27.1846
126409.1	2.04767	14.705	22.4522	22.4522	21.6914
125949.3	2.046479	12.5078	17.3252	17.3252	17.663
125524.1	2.046142	9.9444	12.1982	12.1982	14.7334
124986.1	2.045203	8.8458	8.9024	8.9024	12.9024
124326.5	2.041467	8.1132	6.3388	6.3388	10.705
123866.6	2.039917	7.747	4.5078	4.5078	8.5078
123571.5	2.03911	7.0146	2.6768	2.6768	5.5782
123228.7	2.038188	6.2822	0.8458	0.8458	2.6484
122862.1	2.036182	5.5498	0.4794	0.4794	-1.014
122418.4	2.035259	4.4512	-0.254	-0.254	-3.578
122131.5	2.034526	3.3526	-0.254	-0.254	-6.874
121857.8	2.034013	2.254	-1.352	-1.352	-9.436
121525.7	2.033502	0.789	-1.718	-1.718	-12.366
121229.5	2.0327	-0.31	-2.084	-2.084	-14.564
120951.2	2.031831	-1.408	-2.816	-2.816	-16.028
120616.8	2.031049	-1.774	-4.648	-4.648	-17.86
120384.5	2.030198	-2.874	-6.478	-6.478	-18.958
120138.2	2.029432	-3.972	-8.31	-8.31	-20.79
119950	2.028645	-5.436	-9.774	-9.774	-22.254
119660.6	2.02779	-6.17	-11.24	-11.24	-24.084
119450.8	2.02702	-6.902	-13.07	-13.07	-25.916
119150.6	2.026229	-7.268	-14.536	-14.536	-27.748
119000.6	2.025419	-8.366	-15.634	-15.634	-29.944
118730.3	2.024592	-9.464	-16.732	-16.732	-32.142
118464.9	2.023897	-9.832	-18.198	-18.198	-33.972
118267.2	2.023125	-10.198	-18.93	-18.93	-35.438
118038.1	2.022429	-10.93	-19.296	-19.296	-36.536
117858.5	2.021657	-11.296	-18.93	-18.93	-36.902
117638.5	2.019786	-11.662	-18.93	-18.93	-36.902
117398.4	2.016583	-10.564	-19.296	-19.296	-36.17
117213.2	2.016003	-10.198	-19.296	-19.296	-35.438
117055.5	2.015873	-9.098	-19.296	-19.296	-33.972
116976.7	2.014874	-8.366	-19.662	-19.662	-32.142
116807.1	2.013192	-7.634	-19.662	-19.662	-30.676
116657.2	2.013049	-6.17	-19.662	-19.662	-28.846
116387	2.012773	-5.436	-19.296	-19.296	-28.114
116056.6	2.011987	-4.704	-18.93	-18.93	-27.38
115826.4	2.010887	-4.338	-17.464	-17.464	-26.282
115516	2.010387	-3.606	-16.732	-16.732	-25.184
115100.4	2.009936	-2.874	-15.268	-15.268	-24.084
114697.4	2.009923	-2.506	-13.07	-13.07	-21.888
114235.5	2.010205	-2.874	-10.874	-10.874	-19.69
113939.5	2.009185	-4.338	-8.31	-8.31	-16.76
113466	2.00817	-4.338	-6.478	-6.478	-13.464
113164.2	2.006962	-4.338	-5.014	-5.014	-11.268
112687.9	2.005923	-2.874	-2.816	-2.816	-8.338
112189.3	2.004499	-1.774	-1.352	-1.352	-6.506
111744.8	2.003364	0.0566	-0.254	-0.254	-3.944
111327.3	2.002049	1.5214	0.1132	0.1132	-2.478
110858.2	2.000718	2.6202	0.8458	0.8458	-0.648
110298.2	1.999422	3.3526	1.9444	1.9444	0.4512
109822.9	1.998109	4.4512	2.6768	2.6768	1.1836
109324.9	1.996683	5.1836	3.043	3.043	2.2822
108750.5	1.993194	5.1836	3.7754	3.7754	2.6484
108268	1.990643	5.5498	4.1416	4.1416	3.0146
107766.4	1.989424	5.916	4.874	4.874	3.747
107255.3	1.988327	5.916	4.874	4.874	3.747
106934.6	1.985625	5.5498	4.5078	4.5078	3.3808
106513.9	1.983635	5.916	2.6768	2.6768	3.0146
106043.3	1.982627	6.2822	1.5782	1.5782	1.916
105677.7	1.981622	6.6484	0.4794	0.4794	1.1836
105364.8	1.979639	7.0146	-0.986	-0.986	0.4512
105078.2	1.978198	7.0146	-1.352	-1.352	0.4512
104739.6	1.977195	7.0146	-1.352	-1.352	0.085
104895.7	1.976391	6.6484	-1.352	-1.352	0.085
105364.3	1.97645	6.2822	-0.986	-0.986	-0.648
105533.5	1.975818	5.916	-0.986	-0.986	-0.282
105097.4	1.974563	5.1836	-1.352	-1.352	-0.282
104619	1.973189	5.1836	-0.986	-0.986	-1.014
104184.6	1.971609	4.8174	-0.986	-0.986	-1.38
103902.2	1.97004	4.4512	-0.986	-0.986	-1.746
103565.8	1.968285	4.4512	-1.352	-1.352	-2.112
103267.4	1.966559	3.7188	-0.986	-0.986	-2.478
103053.2	1.964859	3.3526	-0.986	-0.986	-2.478
102750.7	1.963181	2.6202	-0.62	-0.62	-2.478
102534.5	1.961378	1.8876	-0.62	-0.62	-2.112
102231	1.959509	1.1552	-0.62	-0.62	-2.112
101949.2	1.957583	1.5214	0.1132	0.1132	-1.746
101678.1	1.955556	1.8876	0.1132	0.1132	-2.112
101607.6	1.953682	1.1552	0.1132	0.1132	-2.112
101767.6	1.951751	0.789	-0.254	-0.254	-2.478
102433.4	1.949914	-0.31	-0.986	-0.986	-3.212
103547.4	1.94689	-1.042	-0.986	-0.986	-3.578
105341	1.945687	-2.14	-1.352	-1.352	-4.31
107539.6	1.945339	-2.506	-0.986	-0.986	-4.31
109940.7	1.945761	-1.042	-0.986	-0.986	-3.944
112377.8	1.946189	-1.408	-0.62	-0.62	-3.944
115093.5	1.948191	-0.31	0.4794	0.4794	-3.212
117753	1.95107	0.4228	2.6768	2.6768	-1.38
120319.5	1.954543	1.8876	5.2402	5.2402	1.1836
122774.3	1.957816	4.085	8.17	8.17	4.1132
125108.2	1.962378	6.6484	12.1982	12.1982	8.5078
127316.5	1.967464	9.5782	15.8604	15.8604	13.2686
129397	1.972873	11.4092	19.8886	19.8886	18.3956
131088.2	1.97833	15.4376	23.917	23.917	23.8886
132845	1.984024	18.3672	27.5792	27.5792	29.0156
134439.3	1.989737	19.832	31.2412	31.2412	33.044
135887.4	1.99532	20.1982	34.9034	34.9034	36.706
137197.3	2.000932	19.4658	38.5654	38.5654	40.3682
138372.9	2.006326	19.4658	41.8614	41.8614	44.0302
139416.2	2.011768	20.9306	45.5234	45.5234	46.96
140393.6	2.016862	23.4942	48.4532	48.4532	49.8896
141272.8	2.021985	26.79	50.6504	50.6504	52.4532
142233.1	2.026743	28.9874	52.8476	52.8476	53.918
143038.6	2.031417	31.5508	54.6788	54.6788	55.0166
143636.7	2.035966	33.3818	56.5098	56.5098	55.3828
144131	2.040208	34.8466	57.6084	57.6084	55.3828
144508.3	2.044074	35.9454	56.876	56.876	55.749
144762.1	2.047799	37.4102	55.4112	55.4112	55.749
144823.9	2.0512	39.6074	53.58	53.58	55.0166
144724.6	2.052204	42.1708	52.8476	52.8476	55.0166
144349.5	2.051931	42.9034	52.1152	52.1152	54.6504
143901.6	2.054772	42.1708	52.1152	52.1152	53.5518
143091.8	2.057672	41.0722	51.749	51.749	53.918
141971	2.058567	39.9736	51.3828	51.3828	52.8194
140694.7	2.058687	38.1426	50.2842	50.2842	50.9882
139080.2	2.060412	36.3116	48.8194	48.8194	49.1572
137231.4	2.062111	34.4804	46.9882	46.9882	48.0586
134940.3	2.062366	31.917	44.0586	44.0586	47.6924
132427.9	2.062009	28.9874	41.4952	41.4952	47.3262
130000.1	2.061833	26.0576	38.5654	38.5654	46.2276
128135.3	2.061137	23.4942	35.2696	35.2696	44.3964
127268	2.05909	20.5644	31.2412	31.2412	41.833
127615.4	2.056708	18.001	27.5792	27.5792	37.0722
127984.4	2.055104	14.705	24.2832	24.2832	32.3116
127973.6	2.054248	11.043	21.3536	21.3536	28.2832
127512.6	2.055094	8.1132	18.79	18.79	24.621
127151.9	2.055806	5.5498	16.5928	16.5928	21.3252
126711.2	2.054586	2.6202	15.128	15.128	19.4942
126165.4	2.053047	0.789	14.0292	14.0292	17.663
125697.3	2.051465	-0.31	12.9306	12.9306	15.832
125267.9	2.050091	-1.042	11.832	11.832	14.3672
124858	2.048757	-1.774	10.3672	10.3672	11.8038
124457.8	2.047458	-1.774	8.9024	8.9024	9.6064
124127.5	2.046239	-1.774	7.4376	7.4376	6.6768
123702	2.041959	-2.14	5.6064	5.6064	3.747
123359	2.03938	-2.874	3.7754	3.7754	0.8174
123122.5	2.038578	-3.972	3.043	3.043	-2.844
122808.9	2.037807	-5.802	2.3106	2.3106	-6.14
122522	2.034566	-7.268	1.212	1.212	-9.436
122183.3	2.032775	-8.732	-0.254	-0.254	-12.366
121883.7	2.032193	-10.198	-1.352	-1.352	-14.93
121668.9	2.031766	-11.296	-2.45	-2.45	-17.126
121366.2	2.030158	-11.662	-3.182	-3.182	-18.592
121149.7	2.029298	-12.028	-3.916	-3.916	-20.422
120911.3	2.028818	-12.76	-4.282	-4.282	-21.522
120662	2.028288	-13.126	-4.648	-4.648	-22.254
120407.1	2.027714	-13.86	-5.38	-5.38	-22.62
120279.7	2.027245	-13.86	-6.478	-6.478	-23.352
120085.8	2.026677	-13.494	-7.578	-7.578	-24.084
119793.6	2.026165	-12.76	-9.408	-9.408	-24.452
119517.3	2.025558	-12.028	-10.506	-10.506	-24.452
119183.9	2.024913	-11.662	-10.874	-10.874	-24.452
118887	2.024431	-11.296	-10.874	-10.874	-24.452
118673.5	2.023752	-10.564	-11.24	-11.24	-24.084
118501.6	2.023239	-10.198	-10.506	-10.506	-22.986
118350.6	2.02263	-9.832	-9.774	-9.774	-21.156
118210	2.02218	-9.464	-9.042	-9.042	-18.958
118074.6	2.021628	-8.732	-8.31	-8.31	-16.028
117876.8	2.021132	-6.902	-7.578	-7.578	-13.464
117647.7	2.020048	-5.802	-6.478	-6.478	-10.902
117402.9	2.019562	-4.704	-5.38	-5.38	-7.972
117020.2	2.018831	-3.606	-4.282	-4.282	-5.774
116568.5	2.017684	-2.14	-3.182	-3.182	-3.212
116342.7	2.014055	-1.774	-2.816	-2.816	-1.38
115969.4	2.012797	-1.408	-1.718	-1.718	0.4512
115522.4	2.012155	-0.676	-0.62	-0.62	1.916
115168.7	2.011234	-0.31	-0.254	-0.254	3.0146
114666.4	2.009083	0.789	0.4794	0.4794	4.4794
114220	2.008077	1.5214	0.8458	0.8458	4.8458
113801.6	2.00727	2.254	2.3106	2.3106	5.212
113332	2.006397	2.6202	2.3106	2.3106	5.5782
112967	2.005562	3.7188	2.6768	2.6768	6.3106
112394	2.004419	4.085	2.6768	2.6768	6.6768
111912.2	2.00339	4.085	2.3106	2.3106	6.3106
111411	2.002121	4.085	3.4092	3.4092	5.9444
110900	2.000881	4.8174	3.4092	3.4092	5.9444
110384.2	1.999618	5.1836	3.4092	3.4092	5.212
109865.9	1.998432	4.8174	3.4092	3.4092	4.1132
109216.3	1.997022	4.085	3.4092	3.4092	3.0146
108696.2	1.995851	3.3526	2.6768	2.6768	2.2822
108240.9	1.994405	3.3526	2.3106	2.3106	1.916
107817.9	1.993006	3.3526	1.212	1.212	2.2822
107476.3	1.991551	3.3526	0.8458	0.8458	2.2822
107110.2	1.989751	4.085	1.212	1.212	2.6484
106666.8	1.987642	3.7188	1.212	1.212	1.916
106315	1.986282	2.9864	0.8458	0.8458	1.916
106008.9	1.984912	1.8876	0.8458	0.8458	1.5498
105725.6	1.982356	0.789	1.212	1.212	0.8174
105844.3	1.979418	-0.31	1.5782	1.5782	0.4512
106359.3	1.978195	-0.676	2.3106	2.3106	0.085
106616.8	1.977242	-0.31	2.3106	2.3106	-0.282
106159.8	1.975159	0.0566	2.3106	2.3106	-0.282
105540.7	1.973039	1.1552	2.3106	2.3106	-1.014
105231.2	1.971915	1.8876	1.9444	1.9444	-1.014
104816.1	1.970708	2.254	1.212	1.212	-1.38
104478.4	1.969278	2.6202	0.4794	0.4794	-1.38
104244.4	1.968041	3.3526	0.4794	0.4794	-1.014
103932.2	1.966437	2.9864	0.1132	0.1132	-1.014
103645.9	1.964944	3.7188	-0.62	-0.62	-0.282
103372.5	1.96321	3.3526	-0.986	-0.986	0.4512
103040.6	1.961501	2.6202	-2.084	-2.084	1.1836
102744.5	1.95967	1.8876	-2.45	-2.45	1.1836
102531.3	1.957776	1.1552	-2.45	-2.45	1.1836
102359.7	1.955925	0.4228	-3.182	-3.182	0.4512
102469.1	1.954113	-0.31	-3.548	-3.548	0.085
102784.2	1.952236	-0.676	-3.548	-3.548	-0.648
103592.6	1.950645	-1.042	-2.816	-2.816	-1.38
105038.2	1.949508	-0.676	-2.816	-2.816	-1.746
106932.6	1.950737	-0.676	-2.45	-2.45	-2.478
109051.3	1.951745	-1.042	-2.084	-2.084	-2.478
111477.6	1.952065	-1.042	-1.352	-1.352	-2.112
114057.5	1.953185	0.0566	-0.254	-0.254	-1.38
116584.2	1.957427	0.789	1.212	1.212	-0.282
119084.2	1.961195	1.8876	3.043	3.043	1.1836
121505.8	1.9639	4.085	4.874	4.874	3.0146
123823	1.967609	5.916	7.4376	7.4376	4.8458
125958	1.968841	7.747	10.7334	10.7334	7.7754
127936.7	1.972153	7.747	13.663	13.663	11.0712
129707.1	1.977339	7.747	16.5928	16.5928	15.4658
131503.6	1.982741	9.212	20.621	20.621	20.5928
133247.9	1.985839	11.4092	25.3818	25.3818	25.7198
134575.7	1.990489	14.3388	29.7764	29.7764	30.4804
135825.4	1.996241	19.0996	33.8046	33.8046	34.875
136905.9	2.001957	24.2266	37.1006	37.1006	38.5372
137966.8	2.006023	28.9874	41.129	41.129	41.1006
138952.9	2.01081	33.3818	43.3262	43.3262	42.9316
140031.8	2.016049	35.9454	45.1572	45.1572	44.0302
140766.4	2.021008	37.4102	45.8896	45.8896	45.129
141459.2	2.024884	37.044	46.9882	46.9882	45.8614
142065.9	2.029352	36.6778	47.7208	47.7208	46.5938
142564.5	2.033765	36.3116	47.3544	47.3544	47.3262
142944	2.037835	35.9454	47.3544	47.3544	46.96
143133.8	2.041057	34.8466	45.8896	45.8896	46.2276
143163.5	2.044349	33.0156	45.1572	45.1572	44.0302
143048.4	2.047801	30.4522	44.791	44.791	41.833
142665.3	2.050859	28.2548	43.6924	43.6924	40.3682
142083.1	2.05366	26.79	41.8614	41.8614	39.6358
141271.3	2.055985	25.6914	40.7626	40.7626	38.9034
140214.7	2.058078	24.2266	40.0302	40.0302	37.8046
138840.1	2.059716	25.3252	39.2978	39.2978	37.8046
137176.6	2.061044	26.0576	38.5654	38.5654	37.0722
135173.3	2.061945	27.5224	37.4668	37.4668	37.4384
132804.7	2.062413	28.2548	37.1006	37.1006	36.706
130383.7	2.062197	27.8886	36.7344	36.7344	36.3398
127871.5	2.060828	26.79	35.6358	35.6358	34.5088
126224.9	2.056117	25.6914	34.1708	34.1708	31.2128
125792.1	2.053739	23.4942	30.875	30.875	28.2832
126291.6	2.051942	20.9306	27.9454	27.9454	24.2548
126671.6	2.049883	18.001	24.2832	24.2832	20.5928
126471.1	2.047247	15.0712	20.9874	20.9874	17.2968
125980.3	2.046344	11.7754	17.6914	17.6914	14.3672
125539.6	2.045972	9.212	14.3956	14.3956	11.4376
124993.8	2.044755	7.3808	11.832	11.832	8.874
124330.4	2.042877	6.6484	9.2686	9.2686	6.3106
123803.4	2.041578	5.5498	6.705	6.705	4.4794
123344.7	2.040556	4.4512	4.5078	4.5078	1.916
123050.2	2.03944	3.3526	3.043	3.043	-0.648
122772.8	2.038534	2.254	1.9444	1.9444	-2.478
122308.7	2.037473	1.1552	1.212	1.212	-4.676
121946.4	2.036518	-0.31	-0.254	-0.254	-6.874
121635.1	2.035464	-1.774	-1.352	-1.352	-9.07
121284.2	2.034367	-3.24	-2.816	-2.816	-10.902
120913.5	2.033282	-4.338	-3.916	-3.916	-12.366
120663.1	2.032208	-5.436	-5.746	-5.746	-14.198
120407.7	2.031241	-5.802	-7.212	-7.212	-15.296
120084.7	2.030175	-7.634	-9.408	-9.408	-16.76
119727.9	2.029216	-8	-10.874	-10.874	-17.86
119484.5	2.028205	-8.366	-11.972	-11.972	-18.958
119297.7	2.027394	-8.732	-13.802	-13.802	-19.69
119139.2	2.024557	-9.098	-15.268	-15.268	-20.422
118929.7	2.021661	-8.732	-16.366	-16.366	-21.522
118759.9	2.021014	-8.732	-17.464	-17.464	-21.888
118414.7	2.02053	-8.732	-17.832	-17.832	-22.62
118437.3	2.018478	-9.098	-18.93	-18.93	-22.62
118058.1	2.016631	-9.098	-18.93	-18.93	-22.986
117738.3	2.016291	-8.732	-18.93	-18.93	-22.986
117513.4	2.016083	-8.732	-18.93	-18.93	-22.62
117270.7	2.015259	-8.732	-18.93	-18.93	-22.254
117084.3	2.014469	-9.098	-18.93	-18.93	-21.888
116926	2.014198	-8.366	-17.832	-17.832	-21.156
116716.7	2.013955	-7.634	-16.732	-16.732	-20.056
116612	2.013001	-6.902	-14.902	-14.902	-18.592
116429.5	2.012142	-6.17	-13.802	-13.802	-16.394
116143	2.01186	-5.436	-12.338	-12.338	-14.198
115934.6	2.011507	-4.338	-10.874	-10.874	-11.634
115765.4	2.011092	-3.606	-9.774	-9.774	-9.436
115420.4	2.010571	-2.14	-8.31	-8.31	-6.874
115052.6	2.010005	-1.408	-6.844	-6.844	-4.676
114673.5	2.00925	-1.408	-5.38	-5.38	-2.844
114288.6	2.008522	-0.676	-3.182	-3.182	-1.38
113966	2.00767	0.0566	-2.45	-2.45	0.085
113544.4	2.006806	0.0566	-1.352	-1.352	1.5498
113138.3	2.005783	-0.31	-0.986	-0.986	3.3808
112609.8	2.004814	-0.31	0.1132	0.1132	4.4794
112150.3	2.00595	0.0566	0.4794	0.4794	5.5782
111725.3	2.005649	0.4228	0.8458	0.8458	6.3106
111252.4	2.004056	1.5214	0.1132	0.1132	7.043
110755.7	2.002574	1.8876	0.1132	0.1132	7.043
110312	1.998643	1.5214	0.1132	0.1132	6.6768
109764.8	1.996331	1.5214	0.1132	0.1132	5.9444
109295.9	1.995229	1.8876	0.4794	0.4794	5.9444
108801	1.993992	2.254	0.4794	0.4794	5.5782
108228.2	1.991802	2.9864	1.212	1.212	5.212
107681.4	1.990173	3.7188	1.9444	1.9444	5.212
107147.7	1.989001	3.7188	2.3106	2.3106	5.212
106750.7	1.987604	2.6202	1.9444	1.9444	5.212
106291.8	1.985464	1.5214	1.9444	1.9444	5.5782
105932.2	1.983832	0.4228	2.6768	2.6768	5.5782
105426.9	1.982658	-0.31	3.043	3.043	5.212
105174.3	1.981307	-1.042	3.4092	3.4092	5.9444
104787.6	1.982197	-1.042	3.4092	3.4092	6.3106
104464.1	1.981382	-0.676	3.7754	3.7754	6.6768
104302.4	1.979865	0.4228	4.1416	4.1416	7.043
104546.9	1.978254	1.1552	4.874	4.874	6.6768
105059.8	1.976707	1.5214	4.874	4.874	6.6768
105251.1	1.975069	1.5214	4.874	4.874	6.3106
104695.8	1.973546	1.1552	4.1416	4.1416	5.9444
104092.8	1.971931	-0.31	3.7754	3.7754	5.9444
103726.2	1.970673	-1.042	3.7754	3.7754	5.5782
103347.6	1.971206	-1.408	3.7754	3.7754	4.8458
103028.1	1.969629	-1.408	3.043	3.043	4.1132
102738.2	1.967474	-0.676	3.4092	3.4092	3.747
102463.1	1.964996	-0.31	3.4092	3.4092	3.747
102130.3	1.961542	-0.31	3.4092	3.4092	3.747
101898.8	1.959314	0.0566	3.043	3.043	3.3808
101587.8	1.957456	0.0566	3.043	3.043	3.0146
101302.1	1.955344	0.4228	3.4092	3.4092	1.916
101094.2	1.952707	0.789	2.6768	2.6768	1.1836
101120.4	1.950629	0.789	3.4092	3.4092	0.8174
101458.9	1.948856	0.789	3.4092	3.4092	0.4512
102214	1.946917	0.4228	4.1416	4.1416	0.8174
103567.8	1.94483	-1.042	3.4092	3.4092	0.8174
105416.3	1.943784	-2.14	3.043	3.043	1.5498
107642.3	1.943724	-2.874	2.6768	2.6768	1.5498
110122.2	1.944356	-2.874	2.6768	2.6768	2.2822
112794.1	1.945708	-1.408	3.4092	3.4092	3.3808
115496.8	1.948003	0.789	4.1416	4.1416	5.212
118084.9	1.951048	2.9864	4.5078	4.5078	7.043
120680.7	1.955356	4.8174	4.874	4.874	10.3388
123020	1.96134	7.3808	5.6064	5.6064	12.5362
125296.1	1.965991	9.9444	7.8038	7.8038	15.0996
127410.5	1.970617	13.2402	9.6348	9.6348	19.128
129378.9	1.97576	16.17	12.5644	12.5644	23.8886
131144.2	1.980977	18.3672	16.2266	16.2266	29.0156
132807.9	1.986358	20.1982	20.2548	20.2548	34.5088
134355.7	1.991837	22.3956	24.6494	24.6494	38.5372
135845.5	1.997406	24.2266	29.7764	29.7764	41.833
137111.2	2.002711	26.0576	34.5372	34.5372	45.129
138264.8	2.008123	28.2548	38.9316	38.9316	48.4248
139297	2.01319	30.8184	42.96	42.96	51.7208
140268.9	2.018288	34.1142	45.1572	45.1572	53.918
141210.4	2.020085	37.7764	46.9882	46.9882	55.3828
142006.6	2.022143	39.9736	48.4532	48.4532	56.4814
142795.2	2.02713	40.3398	49.918	49.918	56.4814
143319.8	2.032059	41.0722	49.918	49.918	55.749
143842.3	2.034193	41.0722	49.1856	49.1856	54.6504
144233.8	2.036653	39.9736	47.3544	47.3544	54.2842
144299.4	2.040923	38.1426	46.622	46.622	53.918
144462.4	2.044914	36.6778	45.8896	45.8896	53.1856
144283.5	2.047232	34.1142	45.8896	45.8896	53.1856
143933.6	2.049417	31.917	45.1572	45.1572	52.8194
143238	2.052705	30.086	44.0586	44.0586	52.4532
142369.6	2.055469	29.3536	43.6924	43.6924	51.3544
141219.4	2.058103	28.2548	44.0586	44.0586	50.2558
139863.2	2.060229	26.79	43.6924	43.6924	49.5234
138078.7	2.061799	24.959	43.3262	43.3262	49.1572
136014.8	2.062869	23.8604	42.5938	42.5938	48.4248
133681.1	2.063588	23.8604	41.4952	41.4952	47.3262
131212.5	2.063402	23.4942	40.3964	40.3964	45.129
128806.6	2.062842	22.7618	38.1992	38.1992	42.5654
127213.1	2.061506	21.663	34.9034	34.9034	38.5372
126937.1	2.059471	19.832	31.6074	31.6074	33.4102
127384.8	2.057394	18.3672	27.9454	27.9454	28.2832
127738.9	2.055672	16.17	23.917	23.917	21.6914
127525.4	2.054514	14.3388	20.2548	20.2548	17.2968
127028.1	2.053864	12.5078	16.2266	16.2266	13.2686
126519.1	2.053034	11.4092	13.2968	13.2968	9.9726
126069.4	2.051552	11.043	10.3672	10.3672	7.7754
125584.2	2.050169	10.6768	8.5362	8.5362	5.5782
124951	2.048631	9.5782	6.705	6.705	4.4794
124504.3	2.04416	9.212	5.2402	5.2402	3.0146
124215.8	2.0419	7.3808	4.1416	4.1416	1.1836
123876.3	2.041189	6.2822	3.4092	3.4092	-1.014
123511.3	2.040304	5.1836	2.3106	2.3106	-2.844
123133.5	2.037793	4.4512	1.212	1.212	-4.676
122814.5	2.036414	2.9864	0.4794	0.4794	-6.14
122524.8	2.035909	1.5214	0.1132	0.1132	-7.24
122119.6	2.035013	-0.31	-0.986	-0.986	-7.606
121851.9	2.033373	-1.774	-2.45	-2.45	-9.07
121522.8	2.032633	-3.24	-5.014	-5.014	-10.902
121228	2.031967	-4.704	-6.478	-6.478	-13.098
121015.6	2.031269	-5.436	-8.676	-8.676	-16.028
120779.2	2.032061	-5.802	-9.774	-9.774	-17.86
120530.8	2.031501	-6.536	-10.506	-10.506	-19.324
120276.4	2.030507	-7.268	-11.606	-11.606	-20.79
120084.2	2.029759	-8	-12.704	-12.704	-21.522
119857.9	2.028841	-7.634	-13.802	-13.802	-22.254
119614.5	2.028064	-8.366	-15.634	-15.634	-22.254
119362.7	2.027267	-8.732	-16.732	-16.732	-22.254
119171.7	2.0265	-9.098	-17.832	-17.832	-22.986
118880.9	2.025663	-8.732	-18.198	-18.198	-22.62
118670.4	2.024959	-8.366	-18.198	-18.198	-22.986
118435	2.024178	-7.634	-18.93	-18.93	-22.254
118187.1	2.023574	-6.902	-18.564	-18.564	-21.888
117933	2.022001	-6.536	-18.198	-18.198	-21.522
117806	2.018773	-6.17	-17.098	-17.098	-20.79
117742.4	2.017925	-5.802	-16.732	-16.732	-19.69
117450.3	2.017652	-4.704	-16	-16	-18.592
117174.1	2.016475	-3.606	-14.902	-14.902	-17.126
116970.9	2.014191	-2.14	-13.802	-13.802	-14.93
116739.1	2.013508	-1.408	-12.704	-12.704	-13.464
116428	2.013235	-1.042	-12.338	-12.338	-10.902
116012	2.012549	-0.31	-11.606	-11.606	-8.704
115673.9	2.011442	0.789	-10.874	-10.874	-7.24
115309.6	2.010837	0.789	-9.774	-9.774	-5.408
114867	2.010097	0.789	-8.676	-8.676	-3.944
114450.5	2.009039	1.5214	-7.944	-7.944	-2.478
113916.8	2.00745	2.6202	-6.112	-6.112	-1.38
113519.8	2.006608	3.7188	-3.916	-3.916	-0.282
113060.9	2.005654	4.4512	-2.45	-2.45	0.085
112636.2	2.004747	4.4512	-1.352	-1.352	0.8174
112228.6	2.003636	4.8174	-1.352	-1.352	0.8174
111764.5	2.002685	4.4512	-0.254	-0.254	1.1836
111141.8	2.001487	4.8174	0.8458	0.8458	1.1836
110700.4	2.000359	4.8174	0.8458	0.8458	1.1836
110154.2	1.99905	5.1836	0.8458	0.8458	1.5498
109620.7	1.997725	5.5498	1.212	1.212	1.916
109028.6	1.996386	5.5498	1.9444	1.9444	1.916
108472.2	1.994985	5.916	2.3106	2.3106	1.916
107933.6	1.993528	5.1836	2.6768	2.6768	2.2822
107534.1	1.99202	5.5498	2.6768	2.6768	2.2822
107139.1	1.990566	4.4512	2.6768	2.6768	2.2822
106616.2	1.98911	4.085	2.6768	2.6768	2.2822
106289.6	1.986085	4.4512	2.6768	2.6768	2.6484
105996.2	1.983411	5.1836	1.9444	1.9444	2.6484
105654.2	1.982279	5.1836	1.5782	1.5782	2.2822
105353	1.981064	4.8174	1.5782	1.5782	1.916
105007.2	1.979333	3.7188	1.5782	1.5782	1.5498
105029.5	1.977727	3.3526	1.9444	1.9444	1.5498
105561.4	1.976575	2.254	1.5782	1.5782	1.1836
105762.2	1.975244	1.1552	1.9444	1.9444	1.1836
105407	1.973361	0.789	1.9444	1.9444	1.1836
104773.8	1.971617	0.789	1.5782	1.5782	1.1836
104457.2	1.970342	0.0566	1.5782	1.5782	1.5498
104168.8	1.968851	-0.31	1.212	1.212	1.916
103764.2	1.967313	-0.676	1.5782	1.5782	1.916
103627	1.965684	-0.676	1.5782	1.5782	2.2822
103298	1.96412	-0.31	1.9444	1.9444	1.5498
103068.4	1.962516	0.0566	1.212	1.212	1.5498
102693.3	1.960877	0.0566	1.212	1.212	0.8174
102375.6	1.959157	0.4228	1.212	1.212	0.085
102086.5	1.957315	0.4228	1.212	1.212	-0.648
101876.9	1.955461	0.4228	0.8458	0.8458	-1.38
101641.9	1.953548	0.789	0.4794	0.4794	-1.746
101719.7	1.951826	0.4228	0.4794	0.4794	-2.844
102279.3	1.950031	0.0566	0.4794	0.4794	-3.578
103275	1.948563	-0.31	0.1132	0.1132	-3.944
104879.4	1.947389	-0.676	-0.254	-0.254	-3.944
106853.2	1.945254	-0.676	-0.62	-0.62	-3.578
109076.7	1.945096	-1.408	-0.254	-0.254	-3.944
111490.3	1.946277	-1.774	0.1132	0.1132	-2.844
114194.1	1.948074	-1.408	1.212	1.212	-2.112
116717.5	1.949153	-0.676	2.6768	2.6768	-1.014
119150.9	1.951985	0.4228	5.2402	5.2402	0.4512
121539.1	1.956003	2.6202	8.17	8.17	3.3808
123774.6	1.960453	5.916	11.4658	11.4658	7.4092
126129.1	1.964359	8.8458	15.128	15.128	12.5362
128087.3	1.969345	11.4092	17.6914	17.6914	17.2968
129912.6	1.974811	13.6064	20.2548	20.2548	21.3252
131476.1	1.980368	15.4376	23.917	23.917	24.9874
133039	1.985173	16.9024	27.5792	27.5792	29.3818
134471.2	1.990722	18.7334	31.9736	31.9736	33.4102
135773.1	1.996402	20.9306	35.6358	35.6358	36.706
136944.8	2.001906	24.5928	40.0302	40.0302	40.002
138051.3	2.006516	28.2548	42.96	42.96	41.4668
139060.3	2.011743	31.917	45.1572	45.1572	42.1992
139955.3	2.016889	34.8466	45.1572	45.1572	42.9316
140728.1	2.022058	36.3116	45.8896	45.8896	44.0302
141440	2.02867	37.044	46.2558	46.2558	44.3964
142056.3	2.033494	37.4102	46.9882	46.9882	45.4952
142559.8	2.037346	38.5088	47.3544	47.3544	45.129
142876.5	2.041107	39.6074	47.7208	47.7208	44.3964
143035	2.044589	40.3398	47.7208	47.7208	43.2978
142984	2.047969	41.4384	47.3544	47.3544	42.9316
142893.5	2.050961	42.1708	47.7208	47.7208	42.9316
142587.8	2.053703	41.0722	47.7208	47.7208	43.664
141979.3	2.054701	38.875	48.087	48.087	44.3964
141089.4	2.052906	36.6778	47.7208	47.7208	45.4952
139993.4	2.054816	35.2128	46.622	46.622	46.2276
138534.3	2.057026	33.0156	45.8896	45.8896	46.2276
136893.4	2.057447	31.1846	44.0586	44.0586	44.7626
134901.5	2.055965	29.7198	42.5938	42.5938	43.664
132603.7	2.056639	27.1562	40.3964	40.3964	42.1992
130088	2.05705	23.8604	38.5654	38.5654	40.7344
127788.7	2.056244	20.9306	36.002	36.002	39.2696
126118.4	2.054098	18.001	32.706	32.706	37.0722
125803.9	2.05251	14.705	29.044	29.044	33.7764
126362.7	2.050688	11.4092	25.3818	25.3818	30.1142
126576.9	2.049637	8.8458	21.7198	21.7198	25.7198
126358.6	2.049621	5.916	18.4238	18.4238	21.6914
125793.9	2.049118	3.7188	15.4942	15.4942	17.2968
125381.3	2.048223	2.6202	13.2968	13.2968	13.6348
124849.6	2.047124	2.254	12.1982	12.1982	10.3388
124323.4	2.045744	2.254	11.4658	11.4658	8.5078
123799.9	2.044305	2.9864	10.7334	10.7334	6.3106
123147.7	2.042912	2.254	11.0996	11.0996	4.4794
122951.7	2.041757	2.9864	11.0996	11.0996	2.6484
122658.5	2.040472	2.9864	10.7334	10.7334	1.1836
122251.5	2.039266	2.6202	9.6348	9.6348	-1.014
121852.8	2.038133	2.6202	7.8038	7.8038	-2.844
121588.3	2.036867	1.8876	5.9726	5.9726	-5.042
121260.8	2.035679	0.789	3.4092	3.4092	-7.24
121032	2.034414	0.4228	1.212	1.212	-9.436
120722.3	2.033374	0.4228	-1.718	-1.718	-11.634
120437.3	2.032143	-0.31	-3.182	-3.182	-13.832
120034.4	2.028881	-0.676	-5.014	-5.014	-16.394
119833	2.026483	-1.774	-7.212	-7.212	-18.958
119537	2.025844	-2.506	-8.676	-8.676	-21.156
119323.9	2.025171	-3.972	-10.14	-10.14	-22.986
119022.1	2.023536	-5.436	-11.606	-11.606	-24.084
118871.2	2.022114	-5.436	-12.704	-12.704	-25.55
118795.8	2.021667	-5.802	-13.802	-13.802	-26.648
118562.8	2.021215	-6.17	-14.536	-14.536	-26.648
118185.9	2.020711	-6.902	-14.536	-14.536	-27.014
117932.4	2.020159	-7.268	-14.902	-14.902	-27.014
117740.6	2.019466	-8	-15.634	-15.634	-27.014
117514.5	2.018892	-9.098	-15.634	-15.634	-26.282
117206.2	2.018179	-9.464	-15.268	-15.268	-25.184
116986.9	2.017489	-9.464	-14.17	-14.17	-24.084
116812.2	2.016867	-9.464	-12.704	-12.704	-23.352
116659.8	2.016357	-8.732	-11.606	-11.606	-21.888
116583.5	2.015506	-8	-10.506	-10.506	-20.056
116415.3	2.015033	-6.902	-9.042	-9.042	-18.226
116266	2.014413	-5.436	-7.578	-7.578	-15.662
115996.2	2.013756	-4.338	-6.478	-6.478	-13.098
115796.1	2.013018	-3.606	-6.112	-6.112	-10.536
115370.7	2.012402	-3.24	-5.014	-5.014	-8.338
114962.7	2.011408	-1.774	-3.916	-3.916	-5.774
114563.4	2.010562	-0.676	-2.816	-2.816	-3.944
114233.6	2.009555	0.789	-1.718	-1.718	-2.844
113808.4	2.005906	1.1552	-0.986	-0.986	-1.38
113400.5	2.004337	1.5214	0.1132	0.1132	-0.282
113001.3	2.003659	2.254	1.212	1.212	0.8174
112606.4	2.002657	3.7188	1.9444	1.9444	1.1836
112213.7	2.000041	3.7188	2.6768	2.6768	2.2822
111691.9	1.998764	4.4512	2.6768	2.6768	3.747
111235.7	1.998006	5.1836	3.7754	3.7754	5.212
110877.5	1.997031	5.916	3.7754	3.7754	6.3106
110307.8	1.995173	6.2822	4.1416	4.1416	7.4092
109762.7	1.994187	7.0146	4.5078	4.5078	8.874
109229.7	1.993202	6.2822	5.2402	5.2402	9.6064
108768	1.992266	5.5498	5.6064	5.6064	9.9726
108211.7	1.992648	5.1836	5.9726	5.9726	10.705
107608.1	1.99162	4.8174	5.6064	5.6064	10.705
107045.9	1.990108	4.8174	4.5078	4.5078	9.9726
106634.7	1.988943	4.8174	4.1416	4.1416	8.874
106298.9	1.987453	5.1836	4.1416	4.1416	8.1416
105870.6	1.986014	5.5498	4.5078	4.5078	7.4092
105266	1.984621	5.5498	4.1416	4.1416	7.043
104963.7	1.983123	4.8174	4.5078	4.5078	6.6768
104682.3	1.981628	4.4512	4.5078	4.5078	6.6768
104346.4	1.980233	4.4512	5.2402	5.2402	5.9444
104048.2	1.978781	4.4512	4.874	4.874	5.5782
104094.4	1.977279	5.1836	4.874	4.874	5.5782
104638.2	1.976711	5.5498	4.874	4.874	5.5782
104975.2	1.977081	4.8174	5.6064	5.6064	5.212
104623	1.975504	5.916	5.6064	5.6064	4.8458
104056.4	1.973546	5.916	4.874	4.874	4.1132
103773.1	1.971049	4.4512	3.7754	3.7754	4.4794
103371.1	1.967675	3.7188	2.6768	2.6768	4.1132
103039.9	1.965814	2.9864	1.9444	1.9444	4.1132
102744.1	1.964041	2.9864	0.8458	0.8458	4.1132
102401	1.961955	3.3526	0.4794	0.4794	4.1132
102099.2	1.95949	3.7188	0.1132	0.1132	3.747
101883.2	1.957762	3.7188	0.4794	0.4794	3.3808
101580	1.955961	3.7188	0.1132	0.1132	3.747
101363.3	1.954145	4.085	0.4794	0.4794	3.3808
101124.8	1.952217	2.9864	0.1132	0.1132	3.747
101005.5	1.950383	2.254	-0.254	-0.254	3.747
101141.1	1.948585	1.5214	-0.254	-0.254	3.0146
101664.6	1.94687	1.5214	-0.254	-0.254	2.6484
102772.4	1.945424	0.4228	-0.62	-0.62	1.916
104367.8	1.944269	-0.31	-0.62	-0.62	2.2822
106337	1.943769	-0.31	0.1132	0.1132	1.5498
108753.6	1.943956	-0.676	0.4794	0.4794	2.2822
111263.6	1.945103	0.4228	1.5782	1.5782	3.0146
113885.5	1.94692	1.8876	1.9444	1.9444	3.747
116628.3	1.949633	2.9864	3.7754	3.7754	4.1132
119236.4	1.952809	5.1836	5.9726	5.9726	5.5782
121712.1	1.956745	8.1132	9.6348	9.6348	7.043
123991.3	1.96112	10.3106	13.2968	13.2968	10.3388
126107.2	1.965939	11.4092	18.0576	18.0576	14.3672
128076.4	1.970963	13.2402	22.4522	22.4522	19.128
129907.2	1.973426	15.8038	26.8466	26.8466	24.9874
131603.6	1.97726	17.6348	30.875	30.875	30.1142
133232.9	1.983257	19.832	34.5372	34.5372	35.2412
134633.3	1.989243	22.3956	38.1992	38.1992	39.2696
135854.2	1.992328	25.3252	41.4952	41.4952	41.833
137115.6	1.996574	27.8886	44.791	44.791	44.3964
138136.7	2.00255	29.3536	47.7208	47.7208	46.5938
139168	2.008419	30.086	48.087	48.087	48.4248
140074.2	2.011986	30.8184	48.4532	48.4532	50.622
140852.8	2.016373	31.1846	49.1856	49.1856	52.4532
141632.4	2.021594	31.5508	49.918	49.918	54.6504
142282.8	2.026636	32.2832	50.6504	50.6504	56.4814
142673	2.030488	33.3818	51.3828	51.3828	57.58
143063.3	2.03464	34.8466	52.1152	52.1152	58.3126
143258.6	2.038867	36.6778	52.8476	52.8476	59.045
143421.2	2.042819	38.875	52.4814	52.4814	59.4112
143242.2	2.046228	38.875	52.8476	52.8476	59.7774
142892.3	2.049541	38.1426	52.8476	52.8476	58.6788
142261.8	2.052376	36.6778	52.4814	52.4814	57.9462
141490.9	2.055026	36.3116	52.1152	52.1152	57.2138
140454.6	2.057264	34.1142	50.2842	50.2842	55.3828
139025.2	2.059228	31.5508	47.7208	47.7208	53.1856
137269.1	2.060654	29.3536	45.1572	45.1572	50.622
135284.6	2.061643	26.4238	42.96	42.96	47.3262
132990.5	2.06219	24.2266	40.0302	40.0302	44.3964
130737	2.062095	21.663	36.7344	36.7344	41.833
128243.4	2.061421	18.7334	33.8046	33.8046	38.5372
126606.1	2.06008	16.9024	30.5088	30.5088	34.5088
126112.9	2.057894	14.3388	26.4804	26.4804	30.4804
126582.2	2.052007	11.4092	22.8184	22.8184	26.8184
126882	2.04955	8.8458	18.79	18.79	21.6914
126576.2	2.048857	7.0146	16.2266	16.2266	16.1982
126032.8	2.048234	5.5498	13.663	13.663	10.705
125761.2	2.045077	4.085	10.7334	10.7334	7.043
125299.9	2.043607	3.7188	7.4376	7.4376	3.747
124678.7	2.042627	2.9864	4.1416	4.1416	1.1836
124042.7	2.041598	2.6202	2.3106	2.3106	-0.282
123724.7	2.039741	2.254	0.8458	0.8458	-2.112
123435.5	2.038707	2.254	-0.62	-0.62	-3.578
123030.5	2.037825	1.5214	-1.718	-1.718	-5.774
122632.8	2.036884	0.4228	-2.816	-2.816	-7.972
122108.5	2.035156	0.0566	-3.548	-3.548	-10.536
121846.3	2.034139	-0.31	-3.548	-3.548	-13.098
121520	2.033322	-0.676	-4.282	-4.282	-14.564
121226.6	2.032783	-1.042	-4.648	-4.648	-16.028
120949.8	2.033963	-1.774	-6.112	-6.112	-17.126
120616.1	2.033261	-2.14	-7.212	-7.212	-18.592
120384.2	2.032189	-2.874	-9.408	-9.408	-19.69
120138	2.031077	-4.338	-11.24	-11.24	-20.79
119819.7	2.030126	-4.704	-12.704	-12.704	-21.888
119595.5	2.029073	-5.802	-13.802	-13.802	-22.254
119353.1	2.028175	-6.17	-14.902	-14.902	-23.352
119166.9	2.027219	-6.902	-15.634	-15.634	-23.718
119008.7	2.02636	-7.634	-16.732	-16.732	-24.084
118864.5	2.02539	-7.634	-17.464	-17.464	-24.452
118662.2	2.024566	-7.268	-17.098	-17.098	-25.184
118365.8	2.023727	-7.268	-16.366	-16.366	-25.184
118152.5	2.021747	-7.634	-16.366	-16.366	-25.916
117915.7	2.018887	-7.634	-15.634	-15.634	-25.55
117667.1	2.018273	-8	-14.902	-14.902	-24.452
117412.7	2.017916	-7.634	-14.17	-14.17	-23.352
117220.4	2.016762	-7.268	-13.436	-13.436	-21.888
117124.2	2.015331	-6.902	-13.07	-13.07	-20.422
116945.9	2.014925	-7.268	-11.24	-11.24	-19.324
116791.7	2.014609	-6.902	-9.774	-9.774	-18.592
116649.5	2.014276	-6.17	-8.31	-8.31	-16.76
116383.2	2.013975	-5.07	-6.844	-6.844	-14.564
116054.7	2.013411	-3.972	-4.648	-4.648	-12
115760.3	2.012855	-2.874	-2.816	-2.816	-9.436
115352.8	2.012158	-1.774	-0.62	-0.62	-7.24
115083.9	2.011433	-0.31	0.4794	0.4794	-4.676
114624	2.010486	0.789	1.212	1.212	-2.112
114198.8	2.009585	1.5214	1.9444	1.9444	-0.282
113791	2.008529	1.1552	2.3106	2.3106	1.5498
113326.7	2.00753	0.0566	2.6768	2.6768	3.3808
112964.4	2.006386	0.0566	3.4092	3.4092	5.5782
112457.8	2.005307	-0.31	4.1416	4.1416	7.043
112009.2	2.003994	-0.676	5.6064	5.6064	8.5078
111589.7	2.002713	-0.31	5.9726	5.9726	9.6064
111184.6	2.001414	0.4228	6.705	6.705	10.3388
110656.7	2.000147	1.5214	7.0712	7.0712	11.4376
110197.4	1.99881	2.254	7.4376	7.4376	11.4376
109642.4	1.995501	3.7188	6.705	6.705	11.4376
109104.5	1.993258	5.1836	6.705	6.705	11.8038
108510.1	1.99212	7.0146	6.705	6.705	11.8038
108017.6	1.990999	8.4794	6.705	6.705	11.8038
107511.1	1.988569	8.8458	7.0712	7.0712	12.17
106802.2	1.986871	9.212	7.4376	7.4376	12.17
106512.8	1.985687	9.212	7.8038	7.8038	12.17
106107.8	1.984719	8.4794	7.8038	7.8038	11.4376
105710	1.983504	7.747	8.17	8.17	11.0712
105380.9	1.982363	7.0146	9.2686	9.2686	9.9726
105151.3	1.980992	7.0146	9.2686	9.2686	8.874
104776.1	1.97971	6.2822	8.9024	8.9024	8.1416
104393.3	1.978311	5.1836	8.5362	8.5362	7.7754
104462.2	1.976954	4.085	8.17	8.17	7.043
104757	1.975585	2.9864	8.17	8.17	6.3106
105164.8	1.974207	2.6202	7.4376	7.4376	5.5782
104913.1	1.972672	2.254	6.3388	6.3388	4.8458
104331.6	1.971242	2.254	5.2402	5.2402	4.1132
103975.8	1.969759	2.254	4.1416	4.1416	3.3808
103602.6	1.967983	1.8876	3.043	3.043	3.0146
103285.8	1.966385	1.8876	2.6768	2.6768	3.0146
102997.2	1.964604	0.789	1.5782	1.5782	2.6484
102657.7	1.962805	0.789	1.212	1.212	2.6484
102357.8	1.961039	0.4228	1.212	1.212	2.6484
102142.7	1.959352	0.0566	0.8458	0.8458	2.2822
101905	1.957295	0.0566	0.8458	0.8458	2.2822
101525.8	1.955492	0.4228	0.8458	0.8458	1.5498
101271.1	1.953575	1.1552	1.212	1.212	0.8174
101339	1.95141	1.1552	0.8458	0.8458	0.4512
101242.8	1.948334	0.789	0.8458	0.8458	0.085
101585.2	1.946497	0.0566	-0.254	-0.254	-0.282
102342.2	1.94499	-0.31	-0.62	-0.62	-0.282
103762.1	1.943879	-0.676	-1.352	-1.352	-0.648
105643.7	1.94332	-1.408	-1.718	-1.718	-0.648
107886.2	1.943356	-1.042	-2.45	-2.45	-0.648
110309.2	1.944073	-0.31	-2.816	-2.816	0.085
112822.5	1.945552	0.789	-2.084	-2.084	1.1836
115446	1.947324	2.9864	-0.254	-0.254	2.2822
118059.5	1.950241	5.916	1.212	1.212	4.4794
120407.6	1.953944	7.747	3.043	3.043	5.9444
122623.1	1.958305	11.043	5.6064	5.6064	7.4092
124837.3	1.962818	14.705	8.9024	8.9024	10.3388
126790.6	1.967713	18.001	11.0996	11.0996	15.0996
128613.4	1.973196	19.832	12.9306	12.9306	20.2266
130370.9	1.978522	20.5644	14.7618	14.7618	24.9874
131965.6	1.984001	21.663	18.79	18.79	30.4804
133478.9	1.989521	23.4942	22.8184	22.8184	35.6074
134756.3	1.995027	26.4238	26.8466	26.8466	40.3682
135980.8	2.000276	29.3536	30.5088	30.5088	44.0302
137113.7	2.005638	31.917	34.5372	34.5372	47.3262
138070.8	2.010659	34.1142	37.4668	37.4668	50.622
139004.8	2.015668	37.7764	40.3964	40.3964	52.8194
139862.5	2.020323	39.6074	42.5938	42.5938	55.749
140551.5	2.022651	40.3398	44.0586	44.0586	57.58
141221.6	2.023864	42.1708	45.8896	45.8896	58.3126
141751.9	2.028238	43.6358	47.3544	47.3544	58.6788
142147.1	2.032763	44.3682	48.4532	48.4532	58.6788
142410	2.034728	44.002	48.8194	48.8194	58.6788
142476.2	2.036008	44.002	48.8194	48.8194	57.58
142379.2	2.039706	42.9034	49.5518	49.5518	56.8476
142005.2	2.043525	39.6074	48.8194	48.8194	56.4814
141492.8	2.045296	37.044	47.7208	47.7208	56.4814
140650.8	2.046743	35.5792	47.3544	47.3544	56.1152
139644	2.049319	34.4804	46.9882	46.9882	56.1152
138229.3	2.051785	34.1142	46.2558	46.2558	55.0166
136676	2.053122	33.0156	44.791	44.791	53.5518
134662.5	2.054129	30.8184	42.96	42.96	50.9882
132354.1	2.055036	28.2548	40.0302	40.0302	47.6924
129898.1	2.05546	25.6914	37.1006	37.1006	44.0302
127498.5	2.055156	23.128	34.1708	34.1708	40.002
125843.1	2.054099	20.5644	30.5088	30.5088	35.6074
125080.5	2.052413	18.3672	25.3818	25.3818	30.8466
125480.2	2.050356	15.8038	20.9874	20.9874	26.086
125940.5	2.048554	13.9726	16.959	16.959	20.5928
125845.1	2.047422	11.043	13.2968	13.2968	15.0996
125276.8	2.046844	9.212	10.3672	10.3672	9.9726
124862.4	2.04603	7.747	7.0712	7.0712	5.212
124394.9	2.044906	6.6484	5.9726	5.9726	1.5498
123770.6	2.043404	5.5498	4.874	4.874	-1.014
123263.2	2.042052	4.8174	3.7754	3.7754	-3.578
122814.2	2.040591	4.085	3.043	3.043	-6.14
122459.5	2.039374	2.6202	2.3106	2.3106	-8.704
122021.9	2.034898	1.8876	1.9444	1.9444	-10.17
121672.9	2.032487	1.5214	1.212	1.212	-11.268
121368.2	2.031786	1.5214	0.4794	0.4794	-12
121020.6	2.031106	0.4228	-0.62	-0.62	-13.098
120716.6	2.028339	-1.042	-1.352	-1.352	-13.464
120304.2	2.02678	-2.506	-2.816	-2.816	-14.198
120033	2.026307	-3.606	-3.916	-3.916	-14.93
119767.2	2.025734	-4.338	-5.38	-5.38	-15.662
119504.1	2.025121	-4.704	-6.844	-6.844	-16.394
119242.4	2.02452	-6.17	-7.944	-7.944	-17.86
118981.3	2.023832	-6.902	-9.408	-9.408	-19.324
118720.7	2.023213	-7.634	-10.14	-10.14	-20.79
118525.2	2.021872	-8.732	-11.606	-11.606	-21.522
118362.4	2.02091	-8.732	-11.972	-11.972	-22.986
118150.8	2.020338	-9.098	-12.704	-12.704	-23.352
117914.9	2.019677	-9.464	-13.07	-13.07	-24.084
117666.7	2.01913	-9.464	-14.536	-14.536	-24.084
117477.5	2.018492	-9.464	-14.902	-14.902	-23.718
117252.8	2.017917	-9.098	-14.536	-14.536	-22.986
117010.2	2.017252	-9.098	-13.802	-13.802	-21.888
116758.8	2.0169	-9.098	-12.704	-12.704	-21.522
116502.9	2.01619	-8.366	-12.704	-12.704	-21.522
116309.8	2.015649	-8	-11.606	-11.606	-21.156
116148.2	2.015016	-7.268	-10.874	-10.874	-20.422
116002.3	2.01474	-6.536	-10.506	-10.506	-19.69
115799.2	2.016352	-5.07	-10.14	-10.14	-18.958
115632.6	2.015991	-4.338	-9.774	-9.774	-17.86
115419.1	2.014981	-3.606	-9.042	-9.042	-16.028
115117.1	2.013679	-3.606	-7.944	-7.944	-14.198
114835.9	2.010304	-3.24	-6.844	-6.844	-11.634
114434.9	2.009029	-2.874	-5.746	-5.746	-9.07
114104.3	2.008274	-2.14	-4.648	-4.648	-6.874
113743.7	2.007153	-1.774	-3.548	-3.548	-5.042
113368.1	2.005459	-0.676	-2.45	-2.45	-3.212
113050.2	2.004326	-0.31	-0.986	-0.986	-1.38
112630.8	2.003453	0.0566	-0.254	-0.254	0.085
112160.8	2.002374	0.4228	1.212	1.212	1.1836
111730.6	2.001354	1.8876	1.9444	1.9444	2.6484
111320.2	2.00019	2.6202	2.6768	2.6768	3.3808
110919.7	1.999094	4.085	2.6768	2.6768	4.1132
110394	1.998451	5.1836	3.043	3.043	4.4794
109805.8	1.999194	6.6484	2.6768	2.6768	5.212
109316.4	1.997953	7.0146	2.6768	2.6768	5.5782
108746.2	1.996346	6.6484	2.6768	2.6768	5.9444
108331	1.994704	6.2822	1.9444	1.9444	5.9444
107797.9	1.993128	5.1836	1.5782	1.5782	5.9444
107205.9	1.991661	4.8174	0.8458	0.8458	5.5782
106779.8	1.992397	4.085	-0.62	-0.62	5.9444
106241.3	1.991248	3.7188	-0.986	-0.986	5.9444
105841.8	1.990605	3.7188	-1.352	-1.352	5.212
105446.8	1.990566	3.7188	-0.986	-0.986	4.8458
105054.1	1.988473	3.7188	-0.62	-0.62	5.212
104727.5	1.986443	3.7188	-0.62	-0.62	5.212
104303.9	1.983292	2.9864	-0.986	-0.986	5.5782
104027	1.980213	2.6202	-0.254	-0.254	5.212
103758.4	1.978518	1.8876	-0.62	-0.62	4.8458
103624.1	1.976993	1.1552	-1.352	-1.352	4.8458
104012.5	1.974935	0.789	-2.084	-2.084	4.8458
104402	1.97274	0.0566	-2.816	-2.816	3.747
104271.3	1.971107	0.4228	-3.548	-3.548	3.747
103685.3	1.969687	0.4228	-4.282	-4.282	2.6484
103327.1	1.968065	0.789	-4.648	-4.648	2.2822
102952.8	1.966459	0.789	-5.38	-5.38	1.1836
102700.6	1.964671	0.4228	-5.38	-5.38	0.085
102314.1	1.962865	0.0566	-5.014	-5.014	-0.648
102055.8	1.960946	-0.31	-4.648	-4.648	-1.014
101731.4	1.95917	-0.31	-4.282	-4.282	-1.746
101439	1.957376	-0.31	-4.282	-4.282	-2.844
101097.5	1.955565	0.0566	-3.916	-3.916	-3.578
100926.8	1.95369	0.0566	-3.548	-3.548	-4.31
100646.2	1.951758	0.0566	-3.548	-3.548	-3.944
100440.8	1.949872	-0.31	-3.916	-3.916	-3.944
100533.3	1.94793	-0.676	-3.916	-3.916	-3.944
100774.9	1.946182	-1.042	-5.014	-5.014	-3.944
101676.7	1.946666	-1.408	-5.014	-5.014	-3.578
103169	1.946318	-1.408	-5.38	-5.38	-3.212
105086.7	1.945025	-1.408	-5.746	-5.746	-3.212
107412.5	1.944645	-1.042	-5.38	-5.38	-3.212
109942.2	1.945038	0.4228	-5.014	-5.014	-2.844
112573.9	1.94642	1.1552	-3.548	-3.548	-2.112
115191.5	1.948497	2.254	-2.084	-2.084	-1.014
117737	1.951395	3.3526	0.1132	0.1132	1.916
120181.3	1.952582	5.1836	3.4092	3.4092	4.1132
122575	1.955855	7.3808	7.0712	7.0712	7.043
124748.2	1.960662	10.6768	9.6348	9.6348	9.9726
126876.2	1.965919	12.874	11.832	11.832	14.001
128721.3	1.96972	16.17	15.4942	15.4942	18.0292
130424.8	1.974708	19.832	19.1562	19.1562	22.0576
132057.7	1.980716	24.5928	23.917	23.917	26.8184
133525	1.986417	28.9874	28.3116	28.3116	31.9454
134714.2	1.99145	31.5508	32.706	32.706	38.5372
136024.8	1.996812	33.0156	37.1006	37.1006	43.2978
137135.7	2.002471	34.4804	39.664	39.664	48.0586
138212	2.007809	35.9454	40.0302	40.0302	51.7208
139205.6	2.013396	36.6778	39.664	39.664	55.0166
139962.9	2.018425	37.044	40.3964	40.3964	57.58
140731.9	2.023196	37.4102	40.3964	40.3964	59.045
141442	2.027588	38.875	41.4952	41.4952	60.1436
141796.9	2.031835	39.9736	41.129	41.129	60.1436
142364.9	2.035853	39.2412	41.129	41.129	59.4112
142714	2.039567	38.1426	41.8614	41.8614	57.58
142758.4	2.043154	36.3116	43.3262	43.3262	55.3828
142715.6	2.04653	34.4804	44.0586	44.0586	53.1856
142498.9	2.049421	32.6494	44.0586	44.0586	50.622
142000	2.052268	31.1846	44.4248	44.4248	47.6924
141294.9	2.054733	29.7198	44.4248	44.4248	45.4952
140291.5	2.05602	28.621	44.0586	44.0586	43.2978
139008.7	2.053799	27.8886	43.3262	43.3262	42.5654
137456.2	2.054885	27.5224	41.8614	41.8614	42.5654
135573.3	2.056598	28.2548	40.3964	40.3964	42.9316
133265.1	2.056768	28.621	38.9316	38.9316	43.664
130809.2	2.054178	28.2548	36.7344	36.7344	42.1992
128409.7	2.05361	26.4238	34.1708	34.1708	40.3682
126494	2.053246	22.7618	31.9736	31.9736	38.1708
125536.1	2.051547	19.4658	29.044	29.044	35.2412
125968.4	2.048744	16.9024	25.3818	25.3818	31.9454
126510	2.047006	13.6064	21.7198	21.7198	28.6494
126390.2	2.046274	10.3106	17.3252	17.3252	23.5224
125939.9	2.04586	7.3808	13.663	13.663	18.3956
125519.4	2.044752	5.1836	10.7334	10.7334	14.001
124983.7	2.043951	4.085	7.4376	7.4376	10.705
124520.6	2.043231	2.9864	5.2402	5.2402	7.7754
123833.5	2.042043	1.8876	3.043	3.043	5.212
123359.7	2.04073	1.1552	1.5782	1.5782	2.6484
123057.7	2.039793	0.0566	-0.62	-0.62	1.5498
122646.4	2.038655	-1.042	-1.718	-1.718	-0.648
122375.6	2.037582	-1.774	-4.648	-4.648	-2.478
121979.9	2.036617	-2.506	-6.112	-6.112	-5.042
121586.8	2.03565	-3.24	-8.31	-8.31	-7.606
121325.1	2.034486	-3.24	-9.774	-9.774	-10.17
120999	2.033487	-3.606	-10.14	-10.14	-12.732
120640.7	2.032295	-5.07	-11.24	-11.24	-15.662
120331.4	2.031368	-5.07	-11.606	-11.606	-18.592
120046.6	2.030289	-6.17	-13.07	-13.07	-20.79
119839	2.029367	-7.268	-13.802	-13.802	-22.986
119605.1	2.026137	-7.634	-15.634	-15.634	-24.818
119292.9	2.023182	-8.366	-16.732	-16.732	-26.648
119071.7	2.022481	-8.366	-17.832	-17.832	-27.748
119026.2	2.022046	-9.832	-19.296	-19.296	-28.114
118808.2	2.020185	-10.198	-20.76	-20.76	-28.48
118503.9	2.018461	-9.832	-21.494	-21.494	-28.114
118286.7	2.018085	-10.198	-22.226	-22.226	-28.114
118047.9	2.017747	-9.832	-22.592	-22.592	-27.748
117863.4	2.017638	-9.832	-22.592	-22.592	-28.846
117641	2.017345	-9.464	-23.324	-23.324	-29.944
117399.6	2.016983	-9.832	-22.958	-22.958	-30.676
117148.7	2.016412	-10.198	-22.592	-22.592	-31.042
116893.1	2.016045	-9.464	-22.592	-22.592	-30.31
116765.3	2.015519	-8.732	-22.592	-22.592	-29.212
116701.4	2.015143	-8.366	-22.226	-22.226	-27.748
116539.3	2.014609	-7.268	-21.126	-21.126	-25.55
116328	2.014178	-6.17	-19.296	-19.296	-24.084
116092.2	2.013544	-5.07	-17.832	-17.832	-22.254
115844.2	2.012975	-3.972	-15.634	-15.634	-20.79
115524.9	2.012217	-2.874	-13.436	-13.436	-18.958
115104.9	2.011437	-1.774	-10.874	-10.874	-16.76
114764.7	2.010588	-1.408	-9.042	-9.042	-14.198
114334.2	2.009676	-1.774	-7.578	-7.578	-12
113988.9	2.00871	-1.042	-6.478	-6.478	-9.07
113620.9	2.007643	-0.676	-5.014	-5.014	-7.24
113306.7	2.006537	0.0566	-3.548	-3.548	-4.676
112759.1	2.005394	0.4228	-2.45	-2.45	-2.844
112290.1	2.004219	0.4228	-1.718	-1.718	-1.014
111860.3	2.002965	0.4228	-1.352	-1.352	0.085
111385	1.999632	0.789	0.1132	0.1132	0.8174
110952.1	1.99771	-0.31	0.8458	0.8458	1.916
110475.3	1.996764	-0.31	1.5782	1.5782	2.6484
109911.5	1.99557	0.4228	2.6768	2.6768	3.0146
109434.3	1.993858	0.789	2.6768	2.6768	3.0146
108935.4	1.992465	1.1552	4.1416	4.1416	2.6484
108360.5	1.991407	1.5214	3.7754	3.7754	2.6484
107877.7	1.990111	2.254	4.1416	4.1416	2.6484
107310.9	1.988162	2.9864	3.4092	3.4092	1.916
106897.4	1.986652	3.7188	3.7754	3.7754	1.5498
106430.2	1.985441	4.085	4.1416	4.1416	1.5498
105936.3	1.984105	4.8174	4.5078	4.5078	1.916
105559.2	1.982855	4.4512	4.1416	4.1416	1.916
105110.2	1.981484	3.7188	4.5078	4.5078	1.5498
104755.6	1.980152	2.6202	4.874	4.874	1.1836
104448.1	1.978807	2.254	4.5078	4.5078	0.4512
104099.1	1.977449	1.8876	4.874	4.874	0.085
103729.3	1.976129	1.8876	4.5078	4.5078	-0.648
103935	1.974696	2.6202	4.5078	4.5078	-1.38
104493.4	1.973407	3.3526	4.1416	4.1416	-1.746
104772.6	1.971854	3.7188	3.4092	3.4092	-1.746
104261.4	1.970408	4.085	2.6768	2.6768	-1.38
103810.5	1.968861	4.085	2.3106	2.3106	-2.112
103389.7	1.96742	4.085	1.5782	1.5782	-2.478
103244.5	1.965389	4.085	1.212	1.212	-2.844
102846.4	1.962532	4.4512	1.212	1.212	-2.478
102517.2	1.960695	4.085	0.8458	0.8458	-2.478
102157.3	1.959189	4.085	1.5782	1.5782	-2.478
101912.3	1.95754	3.3526	1.212	1.212	-2.844
101724.7	1.956006	2.254	0.8458	0.8458	-3.212
101435.6	1.954235	1.1552	0.1132	0.1132	-3.212
101095.9	1.952346	1.1552	0.1132	0.1132	-3.578
100860.9	1.950499	0.789	0.4794	0.4794	-4.31
100743.4	1.94869	0.789	0.1132	0.1132	-4.676
100879.9	1.946866	-0.31	-0.254	-0.254	-4.31
101403.8	1.945078	-0.676	-0.986	-0.986	-3.944
102316.6	1.943664	-1.042	-1.352	-1.352	-3.944
103879.5	1.94249	-1.042	-2.084	-2.084	-3.944
105832.5	1.941971	-0.676	-2.45	-2.45	-4.31
108175.9	1.941995	-0.676	-2.816	-2.816	-4.31
110714.4	1.942996	0.4228	-2.084	-2.084	-4.31
113090.2	1.944729	1.8876	-0.62	-0.62	-3.212
115710	1.947367	4.085	1.212	1.212	-2.112
118256.5	1.950476	7.0146	3.043	3.043	0.4512
120636.3	1.954155	9.9444	5.6064	5.6064	3.3808
122867.6	1.958349	12.874	8.9024	8.9024	6.3106
124894.5	1.963053	15.0712	12.9306	12.9306	11.0712
126754.1	1.968022	16.5362	17.3252	17.3252	15.4658
128530	1.973229	15.4376	21.3536	21.3536	19.8604
130264.1	1.980365	15.0712	25.3818	25.3818	23.5224
131782.1	1.987276	15.8038	29.7764	29.7764	26.8184
133257	1.992419	17.6348	34.1708	34.1708	30.8466
134515.2	1.997635	20.9306	37.4668	37.4668	34.875
135665	1.99993	23.8604	39.2978	39.2978	39.6358
136500.1	2.00273	27.8886	40.7626	40.7626	42.9316
137568.7	2.008042	30.4522	41.129	41.129	46.5938
138428.5	2.013116	32.6494	41.129	41.129	49.5234
139248.8	2.015969	33.748	42.2276	42.2276	51.7208
139919.3	2.019222	34.8466	43.3262	43.3262	52.8194
140515	2.024012	34.8466	44.791	44.791	54.2842
141073.1	2.028469	35.9454	46.622	46.622	54.6504
141417.3	2.031648	36.6778	47.7208	47.7208	54.6504
141654.4	2.034852	37.4102	48.087	48.087	54.2842
141512.6	2.038715	37.7764	48.8194	48.8194	53.918
141311.6	2.042044	38.5088	49.5518	49.5518	54.2842
141015.8	2.045286	39.6074	49.5518	49.5518	54.2842
140412.4	2.048008	40.3398	49.1856	49.1856	53.918
139459.7	2.050458	39.9736	48.8194	48.8194	53.1856
138332.5	2.052515	38.875	48.4532	48.4532	52.087
136792.6	2.054171	37.044	48.087	48.087	49.8896
135111.4	2.055417	35.2128	46.9882	46.9882	47.3262
132838.8	2.056243	33.0156	45.5234	45.5234	44.0302
130400.8	2.056498	30.4522	42.96	42.96	40.002
127945.1	2.056188	26.79	40.0302	40.0302	36.3398
125806.1	2.055224	23.8604	36.7344	36.7344	31.9454
124606.4	2.053425	20.9306	32.3398	32.3398	27.917
124527.2	2.051316	17.6348	27.5792	27.5792	23.5224
125138.5	2.048928	13.9726	22.8184	22.8184	19.128
125183.8	2.043987	10.6768	18.4238	18.4238	14.3672
124815.9	2.042038	7.0146	14.3956	14.3956	9.9726
124306.5	2.041803	4.4512	10.7334	10.7334	6.3106
123856.6	2.041003	2.254	7.4376	7.4376	3.3808
123371.3	2.037442	0.789	5.6064	5.6064	2.2822
122738.1	2.035511	-0.676	3.7754	3.7754	0.8174
122096	2.034704	-2.14	1.9444	1.9444	-0.282
121840.1	2.033683	-2.874	0.8458	0.8458	-1.014
121582	2.031687	-3.24	-0.62	-0.62	-2.478
121192.5	2.030479	-3.972	-1.352	-1.352	-4.31
120802.6	2.029832	-4.338	-2.816	-2.816	-6.506
120412.3	2.029103	-3.972	-4.282	-4.282	-8.704
120087	2.029181	-4.338	-5.38	-5.38	-12
119794.2	2.028517	-4.704	-5.746	-5.746	-14.564
119452.5	2.027429	-5.436	-6.478	-6.478	-17.494
119151.5	2.0265	-5.802	-7.578	-7.578	-19.324
118935.9	2.025369	-6.536	-8.676	-8.676	-21.888
118697.9	2.024547	-7.634	-10.14	-10.14	-23.718
118448.8	2.023514	-8.366	-10.874	-10.874	-25.184
118194	2.022682	-8.732	-11.24	-11.24	-25.916
118001.5	2.021786	-8.732	-12.338	-12.338	-27.014
117775.1	2.020979	-9.098	-13.802	-13.802	-27.38
117596.8	2.020107	-9.464	-13.802	-13.802	-28.114
117377.5	2.01937	-9.832	-14.536	-14.536	-28.48
117202.8	2.018512	-10.198	-14.902	-14.902	-28.846
116985.2	2.017788	-10.198	-16.366	-16.366	-28.846
116681.2	2.01699	-9.832	-16.366	-16.366	-29.212
116464.1	2.016271	-9.464	-16.366	-16.366	-29.578
116290.4	2.014547	-9.098	-16	-16	-29.212
115943.3	2.011182	-8.732	-15.268	-15.268	-29.212
115769.7	2.01031	-8.366	-14.536	-14.536	-28.48
115617.8	2.010161	-8.366	-13.436	-13.436	-27.014
115476.8	2.009244	-7.634	-11.972	-11.972	-25.184
115276.1	2.007487	-6.536	-10.874	-10.874	-21.888
115175.7	2.007131	-5.802	-10.14	-10.14	-19.69
114995.4	2.006811	-4.704	-8.31	-8.31	-18.226
114905.2	2.006326	-3.24	-6.844	-6.844	-16.028
114534.7	2.005156	-2.506	-5.746	-5.746	-14.564
114154.2	2.00469	-2.14	-4.648	-4.648	-12.366
113833.7	2.004418	-1.408	-3.916	-3.916	-10.17
113478.2	2.003732	-0.676	-2.45	-2.45	-7.606
113105.2	2.00282	-0.31	-0.986	-0.986	-5.042
112788.6	2.002098	0.4228	0.4794	0.4794	-2.478
112435	2.001154	0.789	1.212	1.212	0.085
111932.7	2.000256	1.5214	2.6768	2.6768	2.2822
111486.3	1.999447	2.254	4.5078	4.5078	3.747
111002.8	1.998475	2.9864	4.874	4.874	5.212
110565.8	1.997305	3.7188	5.6064	5.6064	6.6768
110086.9	1.996253	4.4512	6.3388	6.3388	8.1416
109587.1	1.995061	4.8174	6.3388	6.3388	8.874
109141.9	1.993841	4.8174	6.3388	6.3388	9.6064
108659	1.992596	4.085	6.705	6.705	9.9726
108157.2	1.991182	2.9864	6.3388	6.3388	10.3388
107580.8	1.989909	3.7188	6.705	6.705	10.3388
106967.2	1.988421	4.085	6.3388	6.3388	10.3388
106465.2	1.987081	3.7188	6.705	6.705	9.9726
106084	1.985582	3.7188	5.9726	5.9726	9.6064
105633	1.982861	3.7188	5.2402	5.2402	9.2402
105277.3	1.980461	3.7188	5.2402	5.2402	8.874
104839.2	1.979281	2.9864	5.2402	5.2402	8.5078
104424.8	1.978022	2.9864	5.2402	5.2402	7.7754
104087.5	1.976106	4.085	5.6064	5.6064	7.043
103658.4	1.974333	4.085	5.2402	5.2402	5.9444
103313.7	1.973128	4.085	5.6064	5.6064	5.212
103011.2	1.971849	4.8174	4.874	4.874	3.747
103120.3	1.971823	4.8174	4.874	4.874	3.3808
103500.3	1.971164	4.4512	4.1416	4.1416	3.0146
103820.5	1.969591	3.7188	3.7754	3.7754	3.0146
103459.8	1.968126	4.085	3.4092	3.4092	3.0146
103019.2	1.966563	3.7188	3.4092	3.4092	3.0146
102668.7	1.965058	3.3526	2.6768	2.6768	3.3808
102298.2	1.96336	2.6202	1.5782	1.5782	3.3808
101982.7	1.961735	2.254	0.8458	0.8458	3.0146
101759.9	1.959929	1.5214	0.4794	0.4794	2.6484
101583.4	1.958353	1.1552	0.4794	0.4794	2.6484
101169.7	1.956542	0.4228	0.4794	0.4794	2.6484
100897.8	1.954815	0.4228	0.8458	0.8458	2.2822
100631.7	1.952868	0.4228	1.5782	1.5782	2.6484
100368.4	1.951018	0.4228	1.9444	1.9444	2.6484
100106.6	1.94901	0.4228	2.3106	2.3106	2.2822
99975.72	1.947105	0.0566	1.5782	1.5782	2.2822
100040.5	1.945146	0.0566	2.3106	2.3106	1.1836
100593.5	1.942452	-0.31	2.3106	2.3106	0.4512
101716.2	1.940615	-1.042	2.3106	2.3106	0.085
103253.8	1.939549	-1.774	1.5782	1.5782	-0.648
105259.3	1.938982	-2.14	1.5782	1.5782	-1.014
107563.9	1.939256	-2.14	1.5782	1.5782	-1.38
110083	1.940286	-0.676	1.9444	1.9444	-0.648
112644.3	1.942192	0.4228	3.043	3.043	0.8174
115421.9	1.944839	2.254	4.874	4.874	3.0146
117917.3	1.948151	4.085	7.0712	7.0712	5.5782
120401.6	1.952063	6.6484	10.001	10.001	8.5078
122685.2	1.956319	9.5782	12.5644	12.5644	12.17
124803.3	1.96108	11.4092	16.2266	16.2266	16.5644
126903.7	1.965266	13.9726	20.9874	20.9874	21.6914
128735	1.970553	17.2686	26.1142	26.1142	26.4522
130366.6	1.976045	20.9306	30.1426	30.1426	31.2128
131963.5	1.981772	23.128	33.8046	33.8046	36.3398
133412.8	1.987466	26.4238	37.1006	37.1006	41.833
134723.2	1.993128	30.8184	40.7626	40.7626	46.96
135899.2	1.998617	35.2128	44.0586	44.0586	50.622
137072.9	2.004095	38.5088	45.8896	45.8896	52.087
138180.5	2.00927	40.3398	46.9882	46.9882	53.1856
138994.6	2.01432	41.8046	47.7208	47.7208	53.918
139792.2	2.019208	44.002	46.622	46.622	55.3828
140581.6	2.023852	45.4668	45.5234	45.5234	56.1152
141236.5	2.028276	45.1006	44.4248	44.4248	56.8476
141759.4	2.032552	42.9034	43.3262	43.3262	57.2138
142085.8	2.036547	39.9736	43.6924	43.6924	57.58
142314.1	2.040192	38.1426	44.0586	44.0586	57.2138
142428.4	2.042051	37.4102	44.0586	44.0586	56.1152
142355.2	2.041765	37.044	44.0586	44.0586	55.3828
141993.3	2.044839	35.5792	44.0586	44.0586	53.5518
141291.6	2.047948	34.4804	44.4248	44.4248	52.087
140485.1	2.04962	33.3818	44.4248	44.4248	49.1572
139496.1	2.049753	31.917	44.0586	44.0586	46.2276
138285.6	2.051881	30.4522	42.96	42.96	43.2978
136638.9	2.053797	28.621	42.5938	42.5938	40.3682
134644.1	2.054639	26.0576	42.2276	42.2276	38.5372
132344.8	2.054613	24.2266	40.7626	40.7626	36.706
129958.5	2.054932	23.128	39.2978	39.2978	33.7764
127463.6	2.054681	23.4942	37.1006	37.1006	30.1142
125630.4	2.053181	23.4942	34.1708	34.1708	26.086
124909	2.050901	23.128	31.2412	31.2412	22.79
125394.5	2.048897	22.0292	27.9454	27.9454	19.4942
125832.5	2.047241	20.5644	23.1846	23.1846	16.1982
125595.9	2.046143	18.3672	19.8886	19.8886	13.2686
125217.2	2.045644	16.5362	16.959	16.959	9.9726
124832.6	2.044901	14.705	14.3956	14.3956	7.043
124445.1	2.043939	13.2402	11.4658	11.4658	4.1132
123860.8	2.042582	11.7754	9.6348	9.6348	1.5498
123243.2	2.041313	10.3106	7.8038	7.8038	-0.648
122804.2	2.039974	8.4794	6.3388	6.3388	-2.478
122519.6	2.038966	7.0146	4.5078	4.5078	-4.31
122182.1	2.037764	5.5498	2.6768	2.6768	-5.774
121753	2.033988	4.4512	1.212	1.212	-7.972
121408.2	2.031227	3.7188	0.4794	0.4794	-10.17
121040.6	2.030652	2.9864	-0.986	-0.986	-12.366
120856.8	2.029841	1.8876	-2.45	-2.45	-13.464
120504.5	2.026858	0.789	-3.916	-3.916	-14.564
120198.2	2.024956	0.0566	-5.38	-5.38	-15.662
119849.8	2.02447	-1.408	-6.112	-6.112	-16.76
119610.5	2.024032	-2.506	-6.478	-6.478	-17.86
119295.6	2.022609	-3.972	-7.944	-7.944	-18.226
119073	2.021622	-5.436	-8.31	-8.31	-18.958
118896.7	2.021126	-6.902	-9.774	-9.774	-20.056
118678.3	2.020631	-7.634	-11.606	-11.606	-21.156
118504	2.019989	-8.366	-13.07	-13.07	-22.254
118286.7	2.019461	-8.732	-14.17	-14.17	-23.352
118047.9	2.018887	-8.366	-14.902	-14.902	-23.718
117798.3	2.018468	-8.732	-14.902	-14.902	-23.718
117608.4	2.017945	-8.732	-15.268	-15.268	-23.718
117318.2	2.017425	-8.366	-16	-16	-23.718
117043	2.01681	-8.366	-16.732	-16.732	-23.718
116775.1	2.016305	-8	-17.098	-17.098	-23.352
116641.2	2.015655	-8.366	-17.098	-17.098	-22.62
116509.2	2.015119	-7.634	-16.732	-16.732	-21.156
116378.1	2.014587	-7.634	-16	-16	-18.958
116182.3	2.01406	-6.902	-14.536	-14.536	-16.394
115954.3	2.013438	-6.17	-12.704	-12.704	-14.198
115905.4	2.012144	-5.802	-11.24	-11.24	-11.634
115685.6	2.011322	-5.436	-9.774	-9.774	-9.802
115380.5	2.01073	-4.704	-8.31	-8.31	-7.606
115032.7	2.009951	-3.24	-6.478	-6.478	-5.408
114663.5	2.006361	-2.14	-4.648	-4.648	-3.578
114283.7	2.005138	-1.408	-2.45	-2.45	-1.38
113898.5	2.004674	-0.31	-1.718	-1.718	0.4512
113575.7	2.003962	1.1552	0.1132	0.1132	2.6484
113154	2.001754	1.8876	1.212	1.212	4.4794
112682.7	2.000796	2.6202	2.3106	2.3106	5.9444
112317	2.000178	3.7188	2.3106	2.3106	7.043
111938.8	1.999475	4.085	3.043	3.043	8.1416
111424.3	1.998598	4.8174	4.1416	4.1416	8.874
110971.8	1.99771	5.916	4.5078	4.5078	9.6064
110550.2	1.996617	5.916	4.1416	4.1416	10.3388
110014	1.995536	6.2822	4.874	4.874	11.4376
109485.6	1.994317	6.2822	5.9726	5.9726	11.8038
108961	1.993123	6.6484	6.705	6.705	12.17
108438.4	1.991803	6.2822	7.8038	7.8038	12.5362
107786.5	1.990468	5.916	7.8038	7.8038	13.2686
107200.2	1.98912	5.916	7.8038	7.8038	13.2686
106776.9	1.987661	6.2822	7.8038	7.8038	12.9024
106239.8	1.986349	6.2822	7.4376	7.4376	12.5362
105841.1	1.984923	6.6484	7.0712	7.0712	12.17
105381.4	1.983492	5.916	7.4376	7.4376	11.8038
105021.4	1.98196	5.916	7.4376	7.4376	11.4376
104711.2	1.980532	5.5498	7.8038	7.8038	10.705
104360.8	1.979001	5.5498	7.8038	7.8038	10.705
103990.4	1.977575	5.5498	7.8038	7.8038	9.9726
103675	1.976096	5.1836	7.8038	7.8038	9.2402
103452.2	1.974617	4.8174	8.17	8.17	8.874
103601.1	1.972992	4.8174	8.5362	8.5362	8.5078
104131.2	1.970942	4.8174	8.5362	8.5362	8.1416
104331.2	1.968412	5.1836	8.17	8.17	8.1416
103780.3	1.967016	5.1836	7.4376	7.4376	8.5078
103244.5	1.965661	5.1836	7.4376	7.4376	8.5078
102911.5	1.964345	4.8174	7.0712	7.0712	8.5078
102614.8	1.962866	4.4512	5.9726	5.9726	8.5078
102336.3	1.96129	4.4512	4.5078	4.5078	8.874
102001.8	1.959773	4.8174	4.874	4.874	8.874
101769.5	1.958065	4.8174	4.874	4.874	8.874
101458	1.956382	5.1836	4.874	4.874	8.5078
101172.1	1.954621	4.4512	4.5078	4.5078	8.874
100899	1.952841	3.3526	4.874	4.874	8.1416
100632.3	1.950945	1.8876	4.5078	4.5078	7.043
100368.7	1.949336	0.789	4.5078	4.5078	5.9444
100367.1	1.947398	-0.31	4.5078	4.5078	5.212
100431.4	1.945606	-1.774	3.7754	3.7754	4.8458
100984.3	1.943992	-2.874	3.4092	3.4092	4.4794
102041.7	1.941903	-3.24	3.043	3.043	4.8458
103677	1.940317	-3.972	2.3106	2.3106	4.1132
105731.3	1.939967	-3.606	1.5782	1.5782	4.1132
107995.1	1.940142	-3.606	1.5782	1.5782	4.1132
110363.6	1.94123	-2.14	1.9444	1.9444	4.8458
112914.8	1.943091	-0.676	3.4092	3.4092	5.9444
115557.2	1.945746	0.789	4.5078	4.5078	7.7754
117789.6	1.948968	4.8174	6.3388	6.3388	9.9726
120207.6	1.95079	8.1132	8.17	8.17	11.8038
122458	1.954144	12.1416	10.3672	10.3672	14.3672
124624.6	1.959122	16.5362	13.2968	13.2968	16.5644
126489	1.964386	21.2968	16.5928	16.5928	19.8604
128267.3	1.967802	26.0576	20.2548	20.2548	23.1562
129937.5	1.97259	28.621	23.1846	23.1846	27.1846
131488.6	1.978466	32.2832	26.1142	26.1142	31.9454
132849.9	1.98449	35.9454	29.044	29.044	37.0722
134051.3	1.98903	37.7764	32.3398	32.3398	41.833
135237.8	1.994291	38.875	36.002	36.002	45.8614
136286.6	1.999908	40.3398	38.9316	38.9316	49.5234
137201.6	2.005404	40.3398	40.3964	40.3964	50.9882
138114.7	2.009861	40.3398	41.129	41.129	52.087
138896.6	2.014607	40.3398	42.2276	42.2276	52.087
139548	2.019417	41.4384	43.3262	43.3262	52.087
140199.1	2.02404	41.4384	44.0586	44.0586	51.7208
140589.8	2.028347	41.0722	43.6924	43.6924	51.3544
140915.2	2.032469	40.3398	42.96	42.96	50.622
141012.9	2.036276	39.6074	42.2276	42.2276	49.5234
140996.6	2.039752	39.2412	41.129	41.129	48.0586
140858.4	2.042929	39.6074	40.0302	40.0302	46.5938
140333.6	2.045838	40.3398	39.2978	39.2978	45.4952
139745.7	2.048406	41.8046	39.2978	39.2978	44.7626
138800.9	2.050571	43.2696	38.9316	38.9316	44.0302
137547.5	2.052519	44.002	37.833	37.833	42.9316
136074.6	2.054077	43.2696	36.3682	36.3682	41.4668
134231.8	2.055234	42.5372	34.5372	34.5372	40.002
132138.7	2.055785	41.4384	33.4384	33.4384	37.8046
129725.3	2.055596	38.875	31.6074	31.6074	35.6074
127281.9	2.051457	35.2128	29.7764	29.7764	32.3116
125149	2.049888	31.1846	26.4804	26.4804	28.6494
123952.4	2.048623	27.5224	23.917	23.917	24.9874
124070	2.046504	23.8604	20.9874	20.9874	20.5928
124649.6	2.042883	20.1982	17.6914	17.6914	15.832
124744.1	2.041339	15.8038	14.7618	14.7618	11.0712
124335.7	2.040781	12.5078	11.4658	11.4658	6.6768
123871.2	2.040378	9.5782	8.9024	8.9024	3.3808
123443.7	2.039721	6.6484	6.705	6.705	0.8174
122904.4	2.03859	5.1836	5.2402	5.2402	-1.38
122309.4	2.037279	4.4512	3.4092	3.4092	-3.212
121816.6	2.037324	4.085	2.3106	2.3106	-4.676
121375	2.037805	3.7188	0.8458	0.8458	-5.774
121023.9	2.036376	3.7188	0.4794	0.4794	-6.506
120718.3	2.034993	2.9864	-0.62	-0.62	-7.972
120370.2	2.033649	2.254	-2.084	-2.084	-9.07
120000.9	2.03244	1.5214	-2.084	-2.084	-10.902
119686	2.031058	0.789	-3.182	-3.182	-12.366
119463.5	2.029815	0.0566	-4.282	-4.282	-13.832
119157	2.028401	-1.042	-6.112	-6.112	-15.296
118808.5	2.027227	-1.774	-7.944	-7.944	-16.76
118569.1	2.026073	-2.874	-8.31	-8.31	-17.86
118254.2	2.025034	-3.606	-9.042	-9.042	-18.592
117966.6	2.023903	-3.972	-10.506	-10.506	-19.324
117757.6	2.021366	-5.07	-11.972	-11.972	-20.056
117392.8	2.018104	-5.07	-12.338	-12.338	-21.156
117275.5	2.017274	-5.436	-13.436	-13.436	-21.888
117086.7	2.016723	-6.17	-14.17	-14.17	-22.986
116927.2	2.014855	-6.902	-14.902	-14.902	-22.986
116652.2	2.012685	-7.268	-15.268	-15.268	-22.986
116449.6	2.012152	-7.634	-14.902	-14.902	-22.986
116218.1	2.011917	-8.366	-14.536	-14.536	-22.986
115972.2	2.01102	-8.732	-14.17	-14.17	-22.62
115719	2.010066	-8.732	-14.536	-14.536	-22.62
115527.4	2.009599	-9.098	-13.436	-13.436	-21.888
115366.5	2.009374	-9.098	-12.704	-12.704	-20.79
115220.9	2.00834	-9.098	-12.704	-12.704	-19.324
115018	2.007359	-9.098	-12.704	-12.704	-17.126
114851.4	2.006967	-8.366	-12.338	-12.338	-14.93
114768.2	2.006663	-8	-10.874	-10.874	-13.464
114466.1	2.006193	-6.902	-9.408	-9.408	-12.366
114250.1	2.005771	-5.07	-8.31	-8.31	-10.902
114076.9	2.005194	-4.338	-6.844	-6.844	-9.07
113730	2.004627	-3.24	-5.38	-5.38	-7.606
113361.3	2.00392	-2.874	-3.916	-3.916	-6.14
113111.8	2.003137	-1.774	-3.182	-3.182	-4.31
112791.9	2.002285	-1.042	-2.45	-2.45	-1.746
112241.3	2.001371	-0.31	-1.718	-1.718	0.085
111966.1	2.000402	0.789	-0.62	-0.62	1.916
111503	2.00144	2.254	0.1132	0.1132	3.0146
111076.2	2.001395	2.9864	0.8458	0.8458	3.747
110667.5	1.999983	3.3526	0.8458	0.8458	4.4794
110137.8	1.998565	4.085	1.5782	1.5782	4.8458
109612.5	1.99479	5.1836	2.6768	2.6768	5.5782
109154.7	1.99252	4.8174	3.043	3.043	6.3106
108600.3	1.991309	4.4512	3.7754	3.7754	7.043
108192.9	1.990171	4.8174	4.1416	4.1416	6.6768
107728.9	1.988068	5.5498	4.5078	4.5078	6.6768
107171.4	1.986519	6.2822	4.1416	4.1416	6.6768
106762.5	1.985321	7.0146	3.043	3.043	7.043
106167.5	1.984095	7.0146	1.5782	1.5782	7.4092
105674.8	1.982699	5.916	1.5782	1.5782	7.4092
105168.1	1.981343	5.5498	0.8458	0.8458	7.7754
104719.4	1.979879	4.8174	0.4794	0.4794	7.7754
104364.9	1.978512	4.4512	-0.62	-0.62	8.1416
104122.6	1.979192	3.7188	-0.986	-0.986	8.1416
103676	1.978383	3.3526	-1.352	-1.352	8.1416
103387.6	1.976725	2.9864	-1.718	-1.718	8.1416
103048.2	1.975085	2.9864	-2.45	-2.45	7.4092
102748.2	1.973512	2.254	-3.182	-3.182	7.043
102663.4	1.9719	1.5214	-3.182	-3.182	6.3106
103141.7	1.970351	0.789	-3.182	-3.182	5.5782
103445.9	1.968614	0.4228	-3.182	-3.182	4.8458
103402.7	1.967296	0.4228	-3.182	-3.182	4.1132
102665.2	1.96802	0.0566	-2.816	-2.816	3.0146
102231.3	1.966761	0.4228	-2.816	-2.816	3.0146
101884.2	1.9646	0.4228	-2.45	-2.45	2.6484
101580.5	1.962458	0.789	-2.084	-2.084	3.0146
101363.5	1.958719	0.789	-2.45	-2.45	3.3808
101124.9	1.956578	0.0566	-0.986	-0.986	3.747
100810.3	1.954798	-0.31	-0.986	-0.986	3.747
100522.8	1.952902	-1.408	-0.62	-0.62	4.1132
100248.9	1.950216	-2.14	-0.62	-0.62	4.4794
99981.78	1.94819	-2.874	-0.254	-0.254	4.8458
99718.04	1.946563	-2.874	-0.62	-0.62	4.8458
99586.18	1.944462	-2.874	-1.352	-1.352	4.4794
99780.58	1.941836	-2.874	-1.718	-1.718	4.4794
100268.3	1.940159	-3.24	-2.084	-2.084	4.1132
101293.2	1.938796	-2.874	-1.718	-1.718	3.3808
102847.1	1.938158	-2.506	-1.352	-1.352	2.2822
105056	1.939591	-2.14	-0.62	-0.62	1.5498
107332	1.939853	-0.676	-0.62	-0.62	1.5498
109771.8	1.940725	0.4228	-0.62	-0.62	2.2822
112293.4	1.942244	2.254	0.4794	0.4794	3.747
114986.2	1.944739	4.085	1.212	1.212	5.5782
117569.2	1.947816	5.1836	2.6768	2.6768	7.7754
120032.3	1.951419	7.3808	4.874	4.874	9.9726
122240.2	1.955641	9.9444	8.9024	8.9024	13.6348
124385.5	1.960323	12.874	13.2968	13.2968	17.2968
126369.4	1.965124	15.0712	17.3252	17.3252	22.0576
128207.5	1.970425	18.7334	21.3536	21.3536	26.4522
129972.7	1.975881	22.3956	25.748	25.748	31.2128
131441.1	1.981184	25.3252	30.1426	30.1426	35.9736
132956.3	1.98674	27.1562	33.8046	33.8046	40.3682
134169.5	1.99223	27.5224	37.1006	37.1006	44.0302
135362	1.997759	27.8886	39.2978	39.2978	46.96
136413.8	2.000923	30.086	41.4952	41.4952	49.1572
137395.4	2.003673	32.2832	44.0586	44.0586	51.7208
138406.7	2.008645	33.3818	45.8896	45.8896	53.1856
139303	2.014003	34.8466	47.3544	47.3544	54.2842
139946.5	2.017012	36.3116	48.4532	48.4532	54.2842
140593.6	2.019769	37.7764	49.918	49.918	54.2842
141112.4	2.024405	38.5088	51.0166	51.0166	54.6504
141501.9	2.029215	39.6074	49.918	49.918	54.6504
141696.8	2.032221	40.3398	48.4532	48.4532	54.6504
141729.1	2.035123	41.4384	48.087	48.087	54.6504
141680.2	2.038861	42.5372	47.3544	47.3544	54.2842
141330.3	2.042421	42.9034	46.622	46.622	54.6504
140829.9	2.045625	42.9034	45.8896	45.8896	53.918
139928.9	2.048558	42.1708	43.6924	43.6924	52.8194
138892.5	2.050953	41.0722	41.4952	41.4952	51.3544
137528.1	2.052863	40.3398	40.0302	40.0302	49.1572
135869.8	2.054435	38.875	37.833	37.833	46.5938
133999	2.055703	36.6778	37.4668	37.4668	44.0302
131631.8	2.056354	34.4804	36.3682	36.3682	41.4668
129276.6	2.056304	31.5508	35.2696	35.2696	38.5372
126927.4	2.055866	28.2548	33.4384	33.4384	35.9736
125101.9	2.054493	24.5928	31.6074	31.6074	33.4102
124449.5	2.052571	20.9306	28.3116	28.3116	29.748
124969.5	2.050254	16.9024	24.2832	24.2832	25.7198
125294.6	2.048315	13.9726	20.9874	20.9874	22.0576
125131.7	2.047109	11.043	17.3252	17.3252	17.663
124594.6	2.046416	7.747	13.2968	13.2968	14.7334
124130.8	2.045449	7.3808	11.4658	11.4658	11.4376
123833.8	2.044187	7.0146	9.6348	9.6348	8.5078
123229.7	2.039671	5.916	7.8038	7.8038	5.9444
122667.3	2.037076	4.8174	6.705	6.705	4.1132
122255.9	2.036063	3.7188	5.2402	5.2402	2.2822
121920	2.035005	4.085	4.5078	4.5078	-0.282
121556.9	2.032436	1.8876	3.4092	3.4092	-3.212
121114.9	2.030956	1.1552	1.9444	1.9444	-5.774
120763.7	2.030262	0.0566	0.4794	0.4794	-9.436
120523.1	2.02944	-1.408	-0.62	-0.62	-12.366
120272.6	2.027771	-2.14	-1.718	-1.718	-14.93
119952.1	2.026562	-3.24	-3.916	-3.916	-17.494
119726.7	2.025866	-3.972	-6.112	-6.112	-19.69
119353.7	2.025043	-5.07	-9.042	-9.042	-22.62
119037	2.025626	-5.436	-10.874	-10.874	-24.084
118683.4	2.025121	-5.802	-12.338	-12.338	-25.184
118506.6	2.024226	-6.536	-14.17	-14.17	-26.282
118288	2.023274	-6.902	-15.268	-15.268	-27.38
118113.6	2.022417	-7.634	-17.098	-17.098	-27.748
117896.3	2.021498	-7.634	-17.832	-17.832	-28.114
117722.5	2.020672	-8.366	-17.832	-17.832	-28.846
117570.5	2.019781	-8.366	-17.098	-17.098	-28.846
117364.4	2.018979	-8.366	-17.464	-17.464	-30.676
117196.2	2.01816	-8.732	-17.098	-17.098	-32.142
116851.8	2.017373	-8.732	-17.098	-17.098	-33.24
116679.5	2.016665	-8.366	-17.098	-17.098	-33.972
116398.2	2.015489	-9.098	-17.832	-17.832	-34.706
116192.4	2.012129	-9.464	-18.564	-18.564	-34.338
116024.4	2.011161	-9.832	-18.564	-18.564	-33.24
115810.3	2.010977	-9.464	-17.832	-17.832	-30.676
115703.2	2.010125	-8.366	-16.732	-16.732	-27.38
115519.5	2.007839	-8	-15.268	-15.268	-24.452
115297.4	2.007203	-7.268	-13.436	-13.436	-20.79
115121.3	2.007071	-6.536	-11.606	-11.606	-18.226
114903.1	2.006512	-5.07	-9.774	-9.774	-16.394
114533.6	2.005616	-3.24	-7.944	-7.944	-13.832
114218.7	2.005055	-1.774	-7.212	-7.212	-12.366
113800.9	2.004551	-0.31	-5.746	-5.746	-11.634
113461.8	2.003606	0.789	-4.282	-4.282	-10.536
113097	2.002267	1.1552	-3.182	-3.182	-9.436
112654.3	2.001306	1.1552	-1.718	-1.718	-7.606
112237.6	2.000539	1.5214	-0.254	-0.254	-6.14
111769	1.999556	1.5214	1.212	1.212	-4.676
111339.4	1.998621	1.5214	1.9444	1.9444	-2.844
110929.3	1.997633	0.789	2.6768	2.6768	-2.112
110463.9	1.996548	0.4228	3.4092	3.4092	-1.014
109970.9	1.995473	0.789	4.1416	4.1416	0.085
109529.1	1.994261	0.789	4.5078	4.5078	1.1836
109047.9	1.993073	1.1552	4.5078	4.5078	1.5498
108546.9	1.991709	1.1552	4.5078	4.5078	1.916
107970.9	1.990481	1.1552	4.5078	4.5078	1.916
107487.7	1.989083	1.5214	4.5078	4.5078	1.916
106985.8	1.987775	1.8876	4.5078	4.5078	1.5498
106474.4	1.986304	2.254	3.4092	3.4092	1.916
105893.3	1.984931	2.6202	3.043	3.043	1.916
105407.5	1.98203	2.6202	3.043	3.043	1.916
105099.5	1.979321	2.9864	3.4092	3.4092	1.916
104750.2	1.978059	2.9864	3.4092	3.4092	2.2822
104315.3	1.976923	2.254	3.043	3.043	2.6484
103967.6	1.975215	1.8876	3.043	3.043	3.0146
103728.7	1.97353	0.789	3.4092	3.4092	2.6484
103348.8	1.972357	0.4228	3.4092	3.4092	2.6484
103224	1.971204	0.0566	3.4092	3.4092	2.6484
103487.1	1.969382	0.0566	3.4092	3.4092	2.2822
103878.9	1.967644	-0.31	3.7754	3.7754	1.916
